45	71	47	73	146	171	113	169
47	73	65	74	113	169	168	172
74	72	65	46	172	170	168	142
75	77	30	32	173	174	149	150
77	76	32	31	174	175	150	162
79	49	76	31	176	165	175	162
78	48	79	49	177	166	176	165
72	75	46	30	170	173	142	149
80	79	77	76	178	176	174	175
81	78	80	79	179	177	178	176
82	80	75	77	180	178	173	174
83	81	82	80	181	179	180	178
73	84	74	72	169	182	172	170
71	85	73	84	171	183	169	182
84	82	72	75	182	180	170	173
85	83	84	82	183	181	182	180
11	18	86	88	155	156	186	187
54	89	15	87	164	188	147	184
15	87	43	91	147	184	144	189
18	58	88	90	156	151	187	185
54	11	89	86	164	155	188	186
90	58	92	61	185	151	190	160
86	88	94	93	186	187	192	193
89	86	95	94	188	186	191	192
87	89	91	95	184	188	189	191
88	90	93	92	187	185	193	190
43	91	16	96	144	189	143	194
92	61	99	59	190	160	197	153
91	95	96	100	189	191	194	198
93	92	98	99	193	190	196	197
94	93	97	98	192	193	195	196
95	94	100	97	191	192	198	195
16	96	37	105	143	194	145	203
37	105	45	71	145	203	146	171
101	60	78	48	199	158	177	166
99	59	101	60	197	153	199	158
105	104	71	85	203	202	171	183
102	101	81	78	200	199	179	177
103	102	83	81	201	200	181	179
104	103	85	83	202	201	183	181
96	100	105	104	194	198	203	202
97	98	103	102	195	196	201	200
100	97	104	103	198	195	202	201
98	99	102	101	196	197	200	199
42	44	14	20	241	243	232	234
13	19	42	44	250	252	241	243
45	47	3	2	343	331	337	329
46	23	22	6	315	297	295	293
17	67	4	50	342	346	338	344
38	66	17	67	237	247	342	346
20	9	38	66	234	230	237	247
44	40	20	9	243	239	234	230
19	1	44	40	252	248	243	239
7	8	53	5	340	341	345	339
56	36	7	8	245	235	340	341
52	14	56	36	244	232	245	235
57	42	52	14	246	241	244	232
51	13	57	42	253	250	246	241
59	12	60	39	260	231	261	238
60	39	48	34	261	238	335	334
58	10	61	41	259	249	262	240
61	41	59	12	262	240	260	231
23	24	6	21	297	298	293	294
24	63	21	62	298	323	294	322
63	34	62	33	323	334	322	333
24	23	27	26	298	297	303	302
31	24	28	27	307	298	304	303
49	63	31	24	319	323	307	298
48	34	49	63	335	334	319	323
47	65	2	64	331	326	329	324
65	46	64	22	326	315	324	295
66	37	67	45	247	236	346	343
9	16	66	37	230	233	247	236
40	43	9	16	239	242	230	233
1	15	40	43	248	251	239	242
67	45	50	3	346	343	344	337
18	68	58	10	376	256	259	249
55	54	1	15	255	254	248	251
11	69	18	68	377	257	376	256
70	19	51	13	258	252	253	250
55	1	70	19	255	248	258	252
23	46	26	25	297	315	302	301
46	30	25	29	315	306	301	305
30	32	29	35	306	308	305	314
32	31	35	28	308	307	314	304
8	17	5	4	341	342	339	338
36	38	8	17	235	237	341	342
14	20	36	38	232	234	235	237
39	56	34	7	238	245	334	340
12	52	39	56	231	244	238	245
41	57	12	52	240	246	231	244
10	51	41	57	249	253	240	246
68	70	10	51	256	258	249	253
69	55	68	70	257	255	256	258
11	54	69	55	377	254	257	255
34	7	33	53	334	340	333	345
137	136	114	111	273	272	266	264
134	133	128	121	270	269	356	355
114	111	134	133	266	264	270	269
149	142	119	115	317	316	300	296
150	149	107	119	318	317	292	300
123	156	106	151	267	374	263	378
163	148	157	135	289	282	284	271
111	153	133	158	264	283	269	285
133	158	121	166	269	285	355	336
159	140	163	148	286	276	289	282
161	139	159	140	288	275	286	276
106	151	136	160	263	378	272	287
136	160	111	153	272	287	264	283
127	150	124	107	312	318	309	292
132	157	110	152	268	284	348	352
138	163	132	157	274	289	268	284
141	159	138	163	277	286	274	289
112	161	141	159	265	288	277	286
168	113	167	109	327	330	325	328
142	168	115	167	316	327	296	325
128	121	208	205	356	355	365	363
208	205	116	130	365	363	354	358
205	206	130	117	363	364	358	332
121	166	205	206	355	336	363	364
209	207	131	118	362	360	313	299
209	165	207	162	362	321	360	320
206	209	117	131	364	362	332	313
206	166	209	165	364	336	362	321
140	211	148	210	276	373	282	372
211	137	210	114	373	273	372	266
139	213	140	211	275	375	276	373
148	210	135	212	282	372	271	371
210	114	212	134	372	266	371	270
212	134	214	128	371	270	370	356
135	212	215	214	271	371	369	370
157	135	152	215	284	271	352	369
217	216	108	154	367	368	347	353
110	152	217	216	348	352	367	368
145	220	146	218	280	379	351	380
220	132	218	110	379	268	380	348
143	219	145	220	278	381	280	379
219	138	220	132	381	274	379	268
144	221	143	219	279	382	278	381
221	141	219	138	382	277	381	274
147	223	144	221	281	383	279	382
223	112	221	141	383	265	382	277
223	224	112	161	383	385	265	288
164	224	147	223	291	385	281	383
224	225	161	139	385	384	288	275
164	155	224	225	291	290	385	384
226	217	222	108	387	367	386	347
218	110	226	217	380	348	387	367
225	155	123	156	384	290	267	374
225	123	139	213	384	267	275	375
152	215	216	227	352	369	368	349
215	214	227	120	369	370	349	366
216	227	154	122	368	349	353	350
227	127	122	124	349	312	350	309
227	120	127	204	349	366	312	359
204	120	125	129	359	366	310	357
113	226	109	222	330	387	328	386
146	218	113	226	351	380	330	387
214	128	120	208	370	356	366	365
120	208	129	116	366	365	357	354
213	228	211	137	375	388	373	273
228	106	137	136	388	263	273	272
123	106	213	228	267	263	375	388
229	204	126	125	361	359	311	310
207	229 118	126	360	361	299	311
127	204	150	229	312	359	318	361
150	229	162	207	318	361	320	360
37	145	45	146	236	280	343	351
16	143	37	145	233	278	236	280
43	144	16	143	242	279	233	278
15	147	43	144	251	281	242	279
54	164	15	147	254	291	251	281
151	58	160	61	378	259	287	262
160	61	153	59	287	262	283	260
153	59	158	60	283	260	285	261
158	60	166	48	285	261	336	335
46	142	30	149	315	316	306	317
30	149	32	150	306	317	308	318
162	31	150	32	320	307	318	308
165	49	162	31	321	319	320	307
65	168	46	142	326	327	315	316
47	113	65	168	331	330	326	327
166	48	165	49	336	335	321	319
156	18	151	58	374	376	378	259
164	54	155	11	291	254	290	377
155	11	156	18	290	377	374	376
45	146	47	113	343	351	331	330