1	7	2
1	6	7
2	8	3
2	7	8
3	9	4
3	8	9
4	10	5
4	9	10
6	12	7
6	11	12
7	13	8
7	12	13
8	14	9
8	13	14
9	15	10
9	14	15
11	17	12
11	16	17
12	18	13
12	17	18
13	19	14
13	18	19
14	20	15
14	19	20
21	27	22
21	26	27
22	28	23
22	27	28
23	29	24
23	28	29
24	30	25
24	29	30
26	32	27
26	31	32
27	33	28
27	32	33
28	34	29
28	33	34
29	35	30
29	34	35
31	37	32
31	36	37
32	38	33
32	37	38
33	39	34
33	38	39
34	40	35
34	39	40
41	47	42
41	46	47
42	48	43
42	47	48
43	49	44
43	48	49
44	50	45
44	49	50
46	52	47
46	51	52
47	53	48
47	52	53
48	54	49
48	53	54
49	55	50
49	54	55
51	57	52
51	56	57
52	58	53
52	57	58
53	59	54
53	58	59
54	60	55
54	59	60
61	67	62
61	66	67
62	68	63
62	67	68
63	69	64
63	68	69
64	70	65
64	69	70
66	72	67
66	71	72
67	73	68
67	72	73
68	74	69
68	73	74
69	75	70
69	74	75
71	77	72
71	76	77
72	78	73
72	77	78
73	79	74
73	78	79
74	80	75
74	79	80
81	87	82
81	86	87
82	88	83
82	87	88
83	89	84
83	88	89
84	90	85
84	89	90
86	92	87
86	91	92
87	93	88
87	92	93
88	94	89
88	93	94
89	95	90
89	94	95
91	97	92
91	96	97
92	98	93
92	97	98
93	99	94
93	98	99
94	100	95
94	99	100
101	107	102
101	106	107
102	108	103
102	107	108
103	109	104
103	108	109
104	110	105
104	109	110
106	112	107
106	111	112
107	113	108
107	112	113
108	114	109
108	113	114
109	115	110
109	114	115
111	117	112
111	116	117
112	118	113
112	117	118
113	119	114
113	118	119
114	120	115
114	119	120
121	127	122
121	126	127
122	128	123
122	127	128
123	129	124
123	128	129
124	130	125
124	129	130
126	132	127
126	131	132
127	133	128
127	132	133
128	134	129
128	133	134
129	135	130
129	134	135
131	137	132
131	136	137
132	138	133
132	137	138
133	139	134
133	138	139
134	140	135
134	139	140
141	147	142
141	146	147
142	148	143
142	147	148
143	149	144
143	148	149
144	150	145
144	149	150
146	152	147
146	151	152
147	153	148
147	152	153
148	154	149
148	153	154
149	155	150
149	154	155
151	157	152
151	156	157
152	158	153
152	157	158
153	159	154
153	158	159
154	160	155
154	159	160
161	167	162
161	166	167
162	168	163
162	167	168
163	169	164
163	168	169
164	170	165
164	169	170
166	172	167
166	171	172
167	173	168
167	172	173
168	174	169
168	173	174
169	175	170
169	174	175
171	177	172
171	176	177
172	178	173
172	177	178
173	179	174
173	178	179
174	180	175
174	179	180
181	187	182
181	186	187
182	188	183
182	187	188
183	189	184
183	188	189
184	190	185
184	189	190
186	192	187
186	191	192
187	193	188
187	192	193
188	194	189
188	193	194
189	195	190
189	194	195
191	197	192
191	196	197
192	198	193
192	197	198
193	199	194
193	198	199
194	200	195
194	199	200
201	202	207
201	207	206
202	203	208
202	208	207
203	204	209
203	209	208
204	205	210
204	210	209
206	207	212
206	212	211
207	208	213
207	213	212
208	209	214
208	214	213
209	210	215
209	215	214
211	212	217
211	217	216
212	213	218
212	218	217
213	214	219
213	219	218
214	215	220
214	220	219
221	222	227
221	227	226
222	223	228
222	228	227
223	224	229
223	229	228
224	225	230
224	230	229
226	227	232
226	232	231
227	228	233
227	233	232
228	229	234
228	234	233
229	230	235
229	235	234
231	232	237
231	237	236
232	233	238
232	238	237
233	234	239
233	239	238
234	235	240
234	240	239
241	242	247
241	247	246
242	243	248
242	248	247
243	244	249
243	249	248
244	245	250
244	250	249
246	247	252
246	252	251
247	248	253
247	253	252
248	249	254
248	254	253
249	250	255
249	255	254
251	252	257
251	257	256
252	253	258
252	258	257
253	254	259
253	259	258
254	255	260
254	260	259
261	262	267
261	267	266
262	263	268
262	268	267
263	264	269
263	269	268
264	265	270
264	270	269
266	267	272
266	272	271
267	268	273
267	273	272
268	269	274
268	274	273
269	270	275
269	275	274
271	272	277
271	277	276
272	273	278
272	278	277
273	274	279
273	279	278
274	275	280
274	280	279
281	282	287
281	287	286
282	283	288
282	288	287
283	284	289
283	289	288
284	285	290
284	290	289
286	287	292
286	292	291
287	288	293
287	293	292
288	289	294
288	294	293
289	290	295
289	295	294
291	292	297
291	297	296
292	293	298
292	298	297
293	294	299
293	299	298
294	295	300
294	300	299
301	302	307
301	307	306
302	303	308
302	308	307
303	304	309
303	309	308
304	305	310
304	310	309
306	307	312
306	312	311
307	308	313
307	313	312
308	309	314
308	314	313
309	310	315
309	315	314
311	312	317
311	317	316
312	313	318
312	318	317
313	314	319
313	319	318
314	315	320
314	320	319
321	322	327
321	327	326
322	323	328
322	328	327
323	324	329
323	329	328
324	325	330
324	330	329
326	327	332
326	332	331
327	328	333
327	333	332
328	329	334
328	334	333
329	330	335
329	335	334
331	332	337
331	337	336
332	333	338
332	338	337
333	334	339
333	339	338
334	335	340
334	340	339
341	342	347
341	347	346
342	343	348
342	348	347
343	344	349
343	349	348
344	345	350
344	350	349
346	347	352
346	352	351
347	348	353
347	353	352
348	349	354
348	354	353
349	350	355
349	355	354
351	352	357
351	357	356
352	353	358
352	358	357
353	354	359
353	359	358
354	355	360
354	360	359
361	362	367
361	367	366
362	363	368
362	368	367
363	364	369
363	369	368
364	365	370
364	370	369
366	367	372
366	372	371
367	368	373
367	373	372
368	369	374
368	374	373
369	370	375
369	375	374
371	372	377
371	377	376
372	373	378
372	378	377
373	374	379
373	379	378
374	375	380
374	380	379
381	382	387
381	387	386
382	383	388
382	388	387
383	384	389
383	389	388
384	385	390
384	390	389
386	387	392
386	392	391
387	388	393
387	393	392
388	389	394
388	394	393
389	390	395
389	395	394
391	392	397
391	397	396
392	393	398
392	398	397
393	394	399
393	399	398
394	395	400
394	400	399
379	380	344
380	345	344
378	379	343
379	344	343
377	378	342
378	343	342
376	377	341
377	342	341
384	4	385
385	4	5
383	3	384
384	3	4
382	2	383
383	2	3
382	1	2
1	382	381
24	25	19
25	20	19
23	24	18
24	19	18
22	23	17
23	18	17
21	22	16
22	17	16
399	400	364
400	365	364
398	399	363
399	364	363
397	398	363
397	363	362
396	397	362
396	362	361
44	45	39
45	40	39
43	44	39
43	39	38
42	43	38
42	38	37
41	42	37
41	37	36
64	65	60
64	60	59
63	64	59
63	59	58
62	63	58
62	58	57
61	62	57
61	57	56
76	81	77
81	82	77
77	82	78
82	83	78
78	83	79
83	84	79
79	84	80
84	85	80
96	101	97
101	102	97
97	102	98
102	103	98
98	103	99
103	104	99
99	104	100
104	105	100
339	340	304
340	305	304
338	339	303
339	304	303
337	338	302
338	303	302
336	337	301
337	302	301
359	360	324
360	325	324
358	359	323
359	324	323
357	358	322
358	323	322
356	357	321
357	322	321
319	320	284
320	285	284
318	319	283
319	284	283
317	318	282
318	283	282
316	317	281
317	282	281
299	300	265
299	265	264
298	299	264
298	264	263
297	298	263
297	263	262
296	297	262
296	262	261
279	280	245
279	245	244
278	279	244
278	244	243
277	278	243
277	243	242
276	277	242
276	242	241
259	260	225
259	225	224
258	259	224
258	224	223
257	258	223
257	223	222
256	257	222
256	222	221
239	240	205
239	205	204
238	239	204
238	204	203
237	238	203
237	203	202
236	237	202
236	202	201
124	125	120
124	120	119
123	124	119
123	119	118
122	123	118
122	118	117
121	122	117
121	117	116
219	220	199
220	200	199
218	219	198
219	199	198
217	218	197
218	198	197
216	217	196
217	197	196
184	185	179
185	180	179
183	184	178
184	179	178
182	183	177
183	178	177
181	182	176
182	177	176
164	165	159
165	160	159
163	164	158
164	159	158
162	163	157
163	158	157
161	162	156
162	157	156
144	145	140
144	140	139
143	144	139
143	139	138
142	143	138
142	138	137
141	142	137
141	137	136
