5440	4402	5463
5440	5463	3365
4402	4973	3771
4402	3771	5463
4974	3526	4973
4974	4973	4402
3759	4974	4402
3759	4402	5440
4973	4401	5464
4973	5464	3771
4401	5451	3366
4401	3366	5464
4972	3765	5451
4972	5451	4401
3526	4972	4401
3526	4401	4973
4971	4400	4972
4971	4972	3526
4400	5452	3765
4400	3765	4972
5581	3266	5452
5581	5452	4400
3830	5581	4400
3830	4400	4971
5439	4399	4974
5439	4974	3759
4399	4971	3526
4399	3526	4974
5582	3830	4971
5582	4971	4399
3364	5582	4399
3364	4399	5439
5132	4398	5173
5132	5173	3279
4398	4969	3626
4398	3626	5173
4970	3525	4969
4970	4969	4398
3605	4970	4398
3605	4398	5132
4969	4397	5174
4969	5174	3626
4397	5433	3347
4397	3347	5174
4968	3756	5433
4968	5433	4397
3525	4968	4397
3525	4397	4969
4967	4396	4968
4967	4968	3525
4396	5434	3756
4396	3756	4968
5582	3364	5434
5582	5434	4396
3830	5582	4396
3830	4396	4967
5131	4395	3605
4395	4970	3605
4395	4967	4970
4967	3525	4970
5581	3830	4395
3830	4967	4395
3266	5581	5131
5581	4395	5131
5168	4394	3258
4394	5575	3258
4394	4965	5575
4965	3827	5575
4966	3524	4394
3524	4965	4394
3623	4966	5168
4966	4394	5168
4965	4393	3827
4393	5576	3827
4393	5579	5576
5579	3383	5576
4964	3829	4393
3829	5579	4393
3524	4964	4965
4964	4393	4965
4963	4392	3524
4392	4964	3524
4392	5580	4964
5580	3829	4964
5109	3268	4392
3268	5580	4392
3594	5109	4963
5109	4392	4963
5167	4391	3623
4391	4966	3623
4391	4963	4966
4963	3524	4966
5110	3594	4391
3594	4963	4391
3267	5110	5167
5110	4391	5167
5579	4390	3383
4390	5577	3383
4390	4961	5577
4961	3828	5577
4962	3523	4390
3523	4961	4390
3829	4962	5579
4962	4390	5579
4961	4389	3828
4389	5578	3828
4389	5473	5578
5473	3370	5578
4960	3776	4389
3776	5473	4389
3523	4960	4961
4960	4389	4961
4959	4388	3523
4388	4960	3523
4388	5474	4960
5474	3776	4960
5461	3368	4388
3368	5474	4388
3770	5461	4959
5461	4388	4959
5580	4387	3829
4387	4962	3829
4387	4959	4962
4959	3523	4962
5462	3770	4387
3770	4959	4387
3268	5462	5580
5462	4387	5580
5466	4386	3262
4386	5561	3262
4386	4957	5561
4957	3820	5561
4958	3522	4386
3522	4957	4386
3772	4958	5466
4958	4386	5466
4957	4385	3820
4385	5562	3820
4385	5578	5562
5578	3370	5562
4956	3828	4385
3828	5578	4385
3522	4956	4957
4956	4385	4957
4955	4384	3522
4384	4956	3522
4384	5577	4956
5577	3828	4956
5576	3383	4384
3383	5577	4384
3827	5576	4955
5576	4384	4955
5465	4383	3772
4383	4958	3772
4383	4955	4958
4955	3522	4958
5575	3827	4383
3827	4955	4383
3258	5575	5465
5575	4383	5465
5571	4378	5535
5571	5535	3381
4378	4949	3807
4378	3807	5535
4950	3520	4949
4950	4949	4378
3825	4950	4378
3825	4378	5571
4949	4377	5536
4949	5536	3807
4377	5569	3382
4377	3382	5536
4948	3824	5569
4948	5569	4377
3520	4948	4377
3520	4377	4949
4947	4376	4948
4947	4948	3520
4376	5570	3824
4376	3824	4948
5321	3325	5570
5321	5570	4376
3700	5321	4376
3700	4376	4947
5572	4375	4950
5572	4950	3825
4375	4947	3520
4375	3520	4950
5322	3700	4947
5322	4947	4375
3323	5322	4375
3323	4375	5572
5569	4374	5537
5569	5537	3382
4374	4945	3808
4374	3808	5537
4946	3519	4945
4946	4945	4374
3824	4946	4374
3824	4374	5569
4945	4373	5538
4945	5538	3808
4373	5493	3375
4373	3375	5538
4944	3786	5493
4944	5493	4373
3519	4944	4373
3519	4373	4945
4943	4372	4944
4943	4944	3519
4372	5494	3786
4372	3786	4944
5567	3346	5494
5567	5494	4372
3823	5567	4372
3823	4372	4943
5570	4371	4946
5570	4946	3824
4371	4943	3519
4371	3519	4946
5568	3823	4371
3823	4943	4371
3325	5568	5570
5568	4371	5570
5560	4362	3379
4362	5525	3379
4362	4933	5525
4933	3802	5525
4934	3516	4362
3516	4933	4362
3819	4934	5560
4934	4362	5560
4933	4361	3802
4361	5526	3802
4361	5471	3270
4361	3270	5526
4932	3775	5471
4932	5471	4361
3516	4932	4933
4932	4361	4933
4931	4360	3516
4360	4932	3516
4360	5472	3775
4360	3775	4932
5562	3370	4360
3370	5472	4360
3820	5562	4931
5562	4360	4931
5559	4359	3819
4359	4934	3819
4359	4931	4934
4931	3516	4934
5561	3820	4359
3820	4931	4359
3262	5561	5559
5561	4359	5559
5468	4358	5557
5468	5557	3369
4358	4929	3818
4358	3818	5557
4930	3515	4929
4930	4929	4358
3773	4930	4358
3773	4358	5468
4929	4357	5558
4929	5558	3818
4357	5529	3285
4357	3285	5558
4928	3804	5529
4928	5529	4357
3515	4928	4357
3515	4357	4929
4927	4356	4928
4927	4928	3515
4356	5530	3804
4356	3804	4928
5560	3379	5530
5560	5530	4356
3819	5560	4356
3819	4356	4927
5467	4355	4930
5467	4930	3773
4355	4927	3515
4355	3515	4930
5559	3819	4927
5559	4927	4355
3262	5559	4355
3262	4355	5467
5430	4318	3343
4318	5497	3343
4318	4889	5497
4889	3788	5497
4890	3505	4318
3505	4889	4318
3754	4890	5430
4890	4318	5430
4889	4317	3788
4317	5498	3788
4317	5538	5498
5538	3375	5498
4888	3808	4317
3808	5538	4317
3505	4888	4889
4888	4317	4889
4887	4316	3505
4316	4888	3505
4316	5537	4888
5537	3808	4888
5531	3382	4316
3382	5537	4316
3805	5531	4887
5531	4316	4887
5429	4315	3754
4315	4890	3754
4315	4887	4890
4887	3505	4890
5532	3805	4315
3805	4887	4315
3362	5532	5429
5532	4315	5429
5535	4314	3381
4314	5534	3381
4314	4885	3806
4314	3806	5534
4886	3504	4885
4886	4885	4314
3807	4886	5535
4886	4314	5535
4885	4313	5533
4885	5533	3806
4313	5421	3342
4313	3342	5533
4884	3750	5421
4884	5421	4313
3504	4884	4313
3504	4313	4885
4883	4312	4884
4883	4884	3504
4312	5422	3750
4312	3750	4884
5532	3362	5422
5532	5422	4312
3805	5532	4312
3805	4312	4883
5536	4311	3807
4311	4886	3807
4311	4883	3504
4311	3504	4886
5531	3805	4311
3805	4883	4311
3382	5531	5536
5531	4311	5536
5524	4310	3379
4310	5530	3379
4310	4881	5530
4881	3804	5530
4882	3503	4310
3503	4881	4310
3801	4882	5524
4882	4310	5524
4881	4309	3804
4309	5529	3804
4309	5528	5529
5528	3285	5529
4880	3803	4309
3803	5528	4309
3503	4880	4881
4880	4309	4881
4879	4308	3503
4308	4880	3503
4308	5527	4880
5527	3803	4880
5521	3286	5527
5521	5527	4308
3800	5521	4879
5521	4308	4879
5523	4307	3801
4307	4882	3801
4307	4879	4882
4879	3503	4882
5522	3800	4307
3800	4879	4307
3380	5522	5523
5522	4307	5523
5156	4306	3270
4306	5526	3270
4306	4877	5526
4877	3802	5526
4878	3502	4306
3502	4877	4306
3617	4878	5156
4878	4306	5156
4877	4305	3802
4305	5525	3802
4305	5524	5525
5524	3379	5525
4876	3801	4305
3801	5524	4305
3502	4876	4877
4876	4305	4877
4875	4304	3502
4304	4876	3502
4304	5523	4876
5523	3801	4876
5519	3380	4304
3380	5523	4304
3799	5519	4875
5519	4304	4875
5155	4303	3617
4303	4878	3617
4303	4875	4878
4875	3502	4878
5520	3799	4303
3799	4875	4303
3283	5520	5155
5520	4303	5155
5518	4302	3380
4302	5522	3380
4302	4873	5522
4873	3800	5522
4874	3501	4873
4874	4873	4302
3798	4874	4302
3798	4302	5518
4873	4301	5521
4873	5521	3800
4301	5193	3286
4301	3286	5521
4872	3636	5193
4872	5193	4301
3501	4872	4301
3501	4301	4873
4871	4300	4872
4871	4872	3501
4300	5194	3636
4300	3636	4872
5511	3276	5194
5511	5194	4300
3795	5511	4300
3795	4300	4871
5517	4299	4874
5517	4874	3798
4299	4871	3501
4299	3501	4874
5512	3795	4871
5512	4871	4299
3378	5512	4299
3378	4299	5517
5188	4298	3283
4298	5520	3283
4298	4869	5520
4869	3799	5520
4870	3500	4298
3500	4869	4298
3633	4870	5188
4870	4298	5188
4869	4297	3799
4297	5519	3799
4297	5518	5519
5518	3380	5519
4868	3798	4297
3798	5518	4297
3500	4868	4869
4868	4297	4869
4867	4296	3500
4296	4868	3500
4296	5517	3798
4296	3798	4868
5515	3378	5517
5515	5517	4296
3797	5515	4867
5515	4296	4867
5187	4295	3633
4295	4870	3633
4295	4867	4870
4867	3500	4870
5516	3797	4295
3797	4867	4295
3260	5516	4295
3260	4295	5187
5514	4294	3377
4294	5509	3377
4294	4865	5509
4865	3794	5509
4866	3499	4294
3499	4865	4294
3796	4866	5514
4866	4294	5514
4865	4293	3794
4293	5510	3794
4293	5189	5510
5189	3272	5510
4864	3634	4293
3634	5189	4293
3499	4864	4865
4864	4293	4865
4863	4292	3499
4292	4864	3499
4292	5190	4864
5190	3634	4864
5516	3260	4292
3260	5190	4292
3797	5516	4863
5516	4292	4863
5513	4291	3796
4291	4866	3796
4291	4863	4866
4863	3499	4866
5515	3797	4291
3797	4863	4291
3378	5515	5513
5515	4291	5513
5130	4290	5505
5130	5505	3274
4290	4861	3792
4290	3792	5505
4862	3498	4861
4862	4861	4290
3604	4862	4290
3604	4290	5130
4861	4289	5506
4861	5506	3792
4289	5514	5506
5514	3377	5506
4860	3796	5514
4860	5514	4289
3498	4860	4289
3498	4289	4861
4859	4288	4860
4859	4860	3498
4288	5513	3796
4288	3796	4860
5512	3378	5513
5512	5513	4288
3795	5512	4288
3795	4288	4859
5129	4287	4862
5129	4862	3604
4287	4859	3498
4287	3498	4862
5511	3795	4859
5511	4859	4287
3276	5511	4287
3276	4287	5129
5508	4286	3376
4286	5503	3376
4286	4857	5503
4857	3791	5503
4858	3497	4286
3497	4857	4286
3793	4858	5508
4858	4286	5508
4857	4285	3791
4285	5504	3791
4285	5185	5504
5185	3269	5504
4856	3632	4285
3632	5185	4285
3497	4856	4857
4856	4285	4857
4855	4284	3497
4284	4856	3497
4284	5186	4856
5186	3632	4856
5510	3272	4284
3272	5186	4284
3794	5510	4855
5510	4284	4855
5507	4283	3793
4283	4858	3793
4283	4855	4858
4855	3497	4858
5509	3794	4283
3794	4855	4283
3377	5509	5507
5509	4283	5507
5126	4282	3273
4282	5499	3273
4282	4853	5499
4853	3789	5499
4854	3496	4282
3496	4853	4282
3602	4854	5126
4854	4282	5126
4853	4281	3789
4281	5500	3789
4281	5508	5500
5508	3376	5500
4852	3793	4281
3793	5508	4281
3496	4852	4853
4852	4281	4853
4851	4280	3496
4280	4852	3496
4280	5507	4852
5507	3793	4852
5506	3377	4280
3377	5507	4280
3792	5506	4851
5506	4280	4851
5125	4279	3602
4279	4854	3602
4279	4851	4854
4851	3496	4854
5505	3792	4851
5505	4851	4279
3274	5505	4279
3274	4279	5125
5502	4278	3374
4278	5495	3374
4278	4849	5495
4849	3787	5495
4850	3495	4278
3495	4849	4278
3790	4850	5502
4850	4278	5502
4849	4277	3787
4277	5496	3787
4277	5181	5496
5181	3263	5496
4848	3630	4277
3630	5181	4277
3495	4848	4849
4848	4277	4849
4847	4276	3495
4276	4848	3495
4276	5182	4848
5182	3630	4848
5504	3269	4276
3269	5182	4276
3791	5504	4847
5504	4276	4847
5501	4275	3790
4275	4850	3790
4275	4847	4850
4847	3495	4850
5503	3791	4275
3791	4847	4275
3376	5503	5501
5503	4275	5501
5122	4274	3275
4274	5489	3275
4274	4845	5489
4845	3784	5489
4846	3494	4274
3494	4845	4274
3600	4846	5122
4846	4274	5122
4845	4273	3784
4273	5490	3784
4273	5502	5490
5502	3374	5490
4844	3790	4273
3790	5502	4273
3494	4844	4845
4844	4273	4845
4843	4272	3494
4272	4844	3494
4272	5501	4844
5501	3790	4844
5500	3376	4272
3376	5501	4272
3789	5500	4843
5500	4272	4843
5121	4271	3600
4271	4846	3600
4271	4843	4846
4843	3494	4846
5499	3789	4271
3789	4843	4271
3273	5499	5121
5499	4271	5121
5492	4270	3375
4270	5498	3375
4270	4841	5498
4841	3788	5498
4842	3493	4270
3493	4841	4270
3785	4842	5492
4842	4270	5492
4841	4269	3788
4269	5497	3788
4269	5177	5497
5177	3343	5497
4840	3628	4269
3628	5177	4269
3493	4840	4841
4840	4269	4841
4839	4268	3493
4268	4840	3493
4268	5178	4840
5178	3628	4840
5496	3263	4268
3263	5178	4268
3787	5496	4839
5496	4268	4839
5491	4267	3785
4267	4842	3785
4267	4839	4842
4839	3493	4842
5495	3787	4267
3787	4839	4267
3374	5495	5491
5495	4267	5491
5116	4266	3346
4266	5494	3346
4266	4837	5494
4837	3786	5494
4838	3492	4266
3492	4837	4266
3597	4838	5116
4838	4266	5116
4837	4265	3786
4265	5493	3786
4265	5492	5493
5492	3375	5493
4836	3785	4265
3785	5492	4265
3492	4836	4837
4836	4265	4837
4835	4264	3492
4264	4836	3492
4264	5491	4836
5491	3785	4836
5490	3374	4264
3374	5491	4264
3784	5490	4835
5490	4264	4835
5115	4263	3597
4263	4838	3597
4263	4835	4838
4835	3492	4838
5489	3784	4263
3784	4835	4263
3275	5489	5115
5489	4263	5115
5158	4250	3271
4250	5457	3271
4250	4821	5457
4821	3768	5457
4822	3488	4250
3488	4821	4250
3618	4822	5158
4822	4250	5158
4821	4249	3768
4249	5458	3768
4249	5474	5458
5474	3368	5458
4820	3776	4249
3776	5474	4249
3488	4820	4821
4820	4249	4821
4819	4248	3488
4248	4820	3488
4248	5473	4820
5473	3776	4820
5472	3370	4248
3370	5473	4248
3775	5472	4819
5472	4248	4819
5157	4247	3618
4247	4822	3618
4247	4819	4822
4819	3488	4822
5471	3775	4247
3775	4819	4247
3270	5471	5157
5471	4247	5157
5162	4246	5470
5162	5470	3373
4246	4817	3774
4246	3774	5470
4818	3487	4817
4818	4817	4246
3620	4818	4246
3620	4246	5162
4817	4245	5469
4817	5469	3774
4245	5468	3369
4245	3369	5469
4816	3773	5468
4816	5468	4245
3487	4816	4245
3487	4245	4817
4815	4244	4816
4815	4816	3487
4244	5467	3773
4244	3773	4816
5466	3262	5467
5466	5467	4244
3772	5466	4244
3772	4244	4815
5161	4243	4818
5161	4818	3620
4243	4815	3487
4243	3487	4818
5465	3772	4815
5465	4815	4243
3258	5465	4243
3258	4243	5161
5456	4242	5464
5456	5464	3366
4242	4813	3771
4242	3771	5464
4814	3486	4813
4814	4813	4242
3767	4814	4242
3767	4242	5456
4813	4241	5463
4813	5463	3771
4241	5443	3365
4241	3365	5463
4812	3761	5443
4812	5443	4241
3486	4812	4241
3486	4241	4813
4811	4240	4812
4811	4812	3486
4240	5444	3761
4240	3761	4812
5093	3351	5444
5093	5444	4240
3586	5093	4240
3586	4240	4811
5455	4239	4814
5455	4814	3767
4239	4811	3486
4239	3486	4814
5094	3586	4811
5094	4811	4239
3265	5094	4239
3265	4239	5455
5460	4238	3367
4238	5453	3367
4238	4809	5453
4809	3766	5453
4810	3485	4238
3485	4809	4238
3769	4810	5460
4810	4238	5460
4809	4237	3766
4237	5454	3766
4237	5107	5454
5107	3261	5454
4808	3593	4237
3593	5107	4237
3485	4808	4809
4808	4237	4809
4807	4236	3485
4236	4808	3485
4236	5108	4808
5108	3593	4808
5462	3268	4236
3268	5108	4236
3770	5462	4807
5462	4236	4807
5459	4235	3769
4235	4810	3769
4235	4807	4810
4807	3485	4810
5461	3770	4235
3770	4807	4235
3368	5461	5459
5461	4235	5459
5152	4234	3277
4234	5447	3277
4234	4805	5447
4805	3763	5447
4806	3484	4234
3484	4805	4234
3615	4806	5152
4806	4234	5152
4805	4233	3763
4233	5448	3763
4233	5460	5448
5460	3367	5448
4804	3769	4233
3769	5460	4233
3484	4804	4805
4804	4233	4805
4803	4232	3484
4232	4804	3484
4232	5459	4804
5459	3769	4804
5458	3368	4232
3368	5459	4232
3768	5458	4803
5458	4232	4803
5151	4231	3615
4231	4806	3615
4231	4803	4806
4803	3484	4806
5457	3768	4231
3768	4803	4231
3271	5457	5151
5457	4231	5151
5450	4230	3366
4230	5456	3366
4230	4801	5456
4801	3767	5456
4802	3483	4230
3483	4801	4230
3764	4802	5450
4802	4230	5450
4801	4229	3767
4229	5455	3767
4229	5101	5455
5101	3265	5455
4800	3590	4229
3590	5101	4229
3483	4800	4801
4800	4229	4801
4799	4228	3483
4228	4800	3483
4228	5102	4800
5102	3590	4800
5454	3261	4228
3261	5102	4228
3766	5454	4799
5454	4228	4799
5449	4227	3764
4227	4802	3764
4227	4799	4802
4799	3483	4802
5453	3766	4227
3766	4799	4227
3367	5453	5449
5453	4227	5449
5138	4226	3266
4226	5452	3266
4226	4797	5452
4797	3765	5452
4798	3482	4226
3482	4797	4226
3608	4798	5138
4798	4226	5138
4797	4225	3765
4225	5451	3765
4225	5450	5451
5450	3366	5451
4796	3764	4225
3764	5450	4225
3482	4796	4797
4796	4225	4797
4795	4224	3482
4224	4796	3482
4224	5449	4796
5449	3764	4796
5448	3367	4224
3367	5449	4224
3763	5448	4795
5448	4224	4795
5137	4223	3608
4223	4798	3608
4223	4795	4798
4795	3482	4798
5447	3763	4223
3763	4795	4223
3277	5447	5137
5447	4223	5137
5438	4222	3363
4222	5425	3363
4222	4793	5425
4793	3752	5425
4794	3481	4222
3481	4793	4222
3758	4794	5438
4794	4222	5438
4793	4221	3752
4221	5426	3752
4221	5446	5426
5446	3348	5426
4792	3762	4221
3762	5446	4221
3481	4792	4793
4792	4221	4793
4791	4220	3481
4220	4792	3481
4220	5445	4792
5445	3762	4792
5354	3345	4220
3345	5445	4220
3716	5354	4791
5354	4220	4791
5437	4219	3758
4219	4794	3758
4219	4791	4794
4791	3481	4794
5353	3716	4219
3716	4791	4219
3344	5353	5437
5353	4219	5437
5443	4218	5441
5443	5441	3365
4218	4789	3760
4218	3760	5441
4790	3480	4789
4790	4789	4218
3761	4790	4218
3761	4218	5443
4789	4217	5442
4789	5442	3760
4217	5413	3361
4217	3361	5442
4788	3746	5413
4788	5413	4217
3480	4788	4217
3480	4217	4789
4787	4216	4788
4787	4788	3480
4216	5414	3746
4216	3746	4788
5397	3360	5414
5397	5414	4216
3738	5397	4216
3738	4216	4787
5444	4215	4790
5444	4790	3761
4215	4787	3480
4215	3480	4790
5398	3738	4787
5398	4787	4215
3351	5398	4215
3351	4215	5444
5419	4214	5442
5419	5442	3361
4214	4785	3760
4214	3760	5442
4786	3479	4785
4786	4785	4214
3749	4786	4214
3749	4214	5419
4785	4213	5441
4785	5441	3760
4213	5440	3365
4213	3365	5441
4784	3759	5440
4784	5440	4213
3479	4784	4213
3479	4213	4785
4783	4212	4784
4783	4784	3479
4212	5439	3759
4212	3759	4784
5435	3364	5439
5435	5439	4212
3757	5435	4212
3757	4212	4783
5420	4211	4786
5420	4786	3749
4211	4783	3479
4211	3479	4786
5436	3757	4783
5436	4783	4211
3344	5436	4211
3344	4211	5420
5432	4210	3363
4210	5438	3363
4210	4781	5438
4781	3758	5438
4782	3478	4210
3478	4781	4210
3755	4782	5432
4782	4210	5432
4781	4209	3758
4209	5437	3758
4209	5436	5437
5436	3344	5437
4780	3757	4209
3757	5436	4209
3478	4780	4781
4780	4209	4781
4779	4208	3478
4208	4780	3478
4208	5435	4780
5435	3757	4780
5434	3364	4208
3364	5435	4208
3756	5434	4779
5434	4208	4779
5431	4207	3755
4207	4782	3755
4207	4779	4782
4779	3478	4782
5433	3756	4207
3756	4779	4207
3347	5433	5431
5433	4207	5431
5424	4206	5432
5424	5432	3363
4206	4777	3755
4206	3755	5432
4778	3477	4777
4778	4777	4206
3751	4778	5424
4778	4206	5424
4777	4205	5431
4777	5431	3755
4205	5175	3347
4205	3347	5431
4776	3627	5175
4776	5175	4205
3477	4776	4205
3477	4205	4777
4775	4204	4776
4775	4776	3477
4204	5176	3627
4204	3627	4776
5430	3343	5176
5430	5176	4204
3754	5430	4204
3754	4204	4775
5423	4203	3751
4203	4778	3751
4203	4775	3477
4203	3477	4778
5429	3754	4775
5429	4775	4203
3362	5429	5423
5429	4203	5423
5427	4202	3348
4202	5426	3348
4202	4773	5426
4773	3752	5426
4774	3476	4202
3476	4773	4202
3753	4774	5427
4774	4202	5427
4773	4201	3752
4201	5425	3752
4201	5424	5425
5424	3363	5425
4772	3751	4201
3751	5424	4201
3476	4772	4773
4772	4201	4773
4771	4200	3476
4200	4772	3476
4200	5423	4772
5423	3751	4772
5422	3362	4200
3362	5423	4200
3750	5422	4771
5422	4200	4771
5428	4199	3753
4199	4774	3753
4199	4771	4774
4771	3476	4774
5421	3750	4199
3750	4771	4199
3342	5421	5428
5421	4199	5428
5416	5368	4198
5416	3354	5368
4198	3723	4769
4198	5368	3723
4770	4769	3475
4770	4198	4769
3747	4198	4770
3747	5416	4198
4769	5367	4197
4769	3723	5367
4197	3307	5351
4197	5367	3307
4768	5351	3715
4768	4197	5351
3475	4197	4768
3475	4769	4197
4767	4768	4196
4767	3475	4768
4196	3715	5352
4196	4768	3715
5420	5352	3344
5420	4196	5352
3749	4196	5420
3749	4767	4196
5415	4770	4195
5415	3747	4770
4195	3475	4767
4195	4770	3475
5419	4767	3749
5419	4195	4767
3361	4195	5419
3361	5415	4195
5417	5362	4194
5417	3305	5362
4194	3720	4765
4194	5362	3720
4766	4765	3474
4766	4194	4765
3748	4194	4766
3748	5417	4194
4765	5361	4193
4765	3720	5361
4193	3354	5416
4193	5361	3354
4764	5416	3747
4764	4193	5416
3474	4193	4764
3474	4765	4193
4763	4764	4192
4763	3474	4764
4192	3747	5415
4192	4764	3747
5412	5415	3361
5412	4192	5415
3745	4192	5412
3745	4763	4192
5418	3748	4191
4191	3748	4766
4191	3474	4763
4191	4766	3474
5411	4191	3745
3745	4191	4763
3352	5418	5411
5411	5418	4191
5413	4190	5412
5413	5412	3361
4190	4761	3745
4190	3745	5412
4762	3473	4761
4762	4761	4190
3746	4762	4190
3746	4190	5413
4761	4189	5411
4761	5411	3745
4189	5410	3352
4189	3352	5411
4760	3744	5410
4760	5410	4189
3473	4760	4189
3473	4189	4761
4759	4188	4760
4759	4760	3473
4188	5409	3744
4188	3744	4760
5403	3349	5409
5403	5409	4188
3741	5403	4188
3741	4188	4759
5414	4187	4762
5414	4762	3746
4187	4759	3473
4187	3473	4762
5404	3741	4759
5404	4759	4187
3360	5404	4187
3360	4187	5414
5406	4186	3359
4186	5391	3359
4186	4757	5391
4757	3735	5391
4758	3472	4186
3472	4757	4186
3742	4758	5406
4758	4186	5406
4757	4185	3735
4185	5392	3735
4185	5145	5392
5145	3331	5392
4756	3612	5145
4756	5145	4185
3472	4756	4757
4756	4185	4757
4755	4184	3472
4184	4756	3472
4184	5146	3612
4184	3612	4756
5393	3350	4184
3350	5146	4184
3736	5393	4755
5393	4184	4755
5405	4183	4758
5405	4758	3742
4183	4755	4758
4755	3472	4758
5394	3736	4183
3736	4755	4183
3358	5394	4183
3358	4183	5405
5407	4182	3327
4182	5385	3327
4182	4753	5385
4753	3732	5385
4754	3471	4182
3471	4753	4182
3743	4754	5407
4754	4182	5407
4753	4181	3732
4181	5386	3732
4181	5406	5386
5406	3359	5386
4752	3742	4181
3742	5406	4181
3471	4752	4753
4752	4181	4753
4751	4180	4752
4751	4752	3471
4180	5405	3742
4180	3742	4752
5399	3358	5405
5399	5405	4180
3739	5399	4180
3739	4180	4751
5408	4179	3743
4179	4754	3743
4179	4751	4754
4751	3471	4754
5400	3739	4751
5400	4751	4179
3353	5400	5408
5400	4179	5408
5396	4178	5404
5396	5404	3360
4178	4749	3741
4178	3741	5404
4750	3470	4749
4750	4749	4178
3737	4750	4178
3737	4178	5396
4749	4177	5403
4749	5403	3741
4177	5402	3349
4177	3349	5403
4748	3740	5402
4748	5402	4177
3470	4748	4177
3470	4177	4749
4747	4176	4748
4747	4748	3470
4176	5401	3740
4176	3740	4748
5400	3353	5401
5400	5401	4176
3739	5400	4176
3739	4176	4747
5395	4175	4750
5395	4750	3737
4175	4747	3470
4175	3470	4750
5399	3739	4747
5399	4747	4175
3358	5399	4175
3358	4175	5395
5100	4174	5398
5100	5398	3351
4174	4745	3738
4174	3738	5398
4746	3469	4745
4746	4745	4174
3589	4746	5100
4746	4174	5100
4745	4173	5397
4745	5397	3738
4173	5396	3360
4173	3360	5397
4744	3737	5396
4744	5396	4173
3469	4744	4173
3469	4173	4745
4743	4172	4744
4743	4744	3469
4172	5395	3737
4172	3737	4744
5394	3358	5395
5394	5395	4172
3736	5394	4172
3736	4172	4743
5099	4171	3589
4171	4746	3589
4171	4743	4746
4743	3469	4746
5393	3736	4171
3736	4743	4171
3350	5393	5099
5393	4171	5099
5388	4170	3357
4170	5383	3357
4170	4741	5383
4741	3731	5383
4742	3468	4170
3468	4741	4170
3733	4742	5388
4742	4170	5388
4741	4169	3731
4169	5384	3731
4169	5325	5384
5325	3316	5384
4740	3702	4169
3702	5325	4169
3468	4740	4741
4740	4169	4741
4739	4168	4740
4739	4740	3468
4168	5326	4740
5326	3702	4740
5392	3331	5326
5392	5326	4168
3735	5392	4168
3735	4168	4739
5387	4167	4742
5387	4742	3733
4167	4739	3468
4167	3468	4742
5391	3735	4739
5391	4739	4167
3359	5391	4167
3359	4167	5387
5389	4166	3308
4166	5377	3308
4166	4737	5377
4737	3728	5377
4738	3467	4166
3467	4737	4166
3734	4738	5389
4738	4166	5389
4737	4165	3728
4165	5378	3728
4165	5388	5378
5388	3357	5378
4736	3733	4165
3733	5388	4165
3467	4736	4737
4736	4165	4737
4735	4164	3467
4164	4736	3467
4164	5387	4736
5387	3733	4736
5386	3359	4164
3359	5387	4164
3732	5386	4735
5386	4164	4735
5390	4163	3734
4163	4738	3734
4163	4735	4738
4735	3467	4738
5385	3732	4163
3732	4735	4163
3327	5385	5390
5385	4163	5390
5380	4162	3355
4162	5375	3355
4162	4733	5375
4733	3727	5375
4734	3466	4162
3466	4733	4162
3729	4734	5380
4734	4162	5380
4733	4161	3727
4161	5376	3727
4161	5267	5376
5267	3315	5376
4732	3673	4161
3673	5267	4161
3466	4732	4733
4732	4161	4733
4731	4160	3466
4160	4732	3466
4160	5268	4732
5268	3673	4732
5384	3316	4160
3316	5268	4160
3731	5384	4731
5384	4160	4731
5379	4159	3729
4159	4734	3729
4159	4731	4734
4731	3466	4734
5383	3731	4159
3731	4731	4159
3357	5383	5379
5383	4159	5379
5381	4158	3294
4158	5369	3294
4158	4729	5369
4729	3724	5369
4730	3465	4158
3465	4729	4158
3730	4730	5381
4730	4158	5381
4729	4157	3724
4157	5370	3724
4157	5380	5370
5380	3355	5370
4728	3729	4157
3729	5380	4157
3465	4728	4729
4728	4157	4729
4727	4156	3465
4156	4728	3465
4156	5379	4728
5379	3729	4728
5378	3357	4156
3357	5379	4156
3728	5378	4727
5378	4156	4727
5382	4155	3730
4155	4730	3730
4155	4727	4730
4727	3465	4730
5377	3728	4155
3728	4727	4155
3308	5377	5382
5377	4155	5382
5372	4154	3356
4154	5365	3356
4154	4725	5365
4725	3722	5365
4726	3464	4154
3464	4725	4154
3725	4726	5372
4726	4154	5372
4725	4153	3722
4153	5366	3722
4153	5263	5366
5263	3313	5366
4724	3671	4153
3671	5263	4153
3464	4724	4725
4724	4153	4725
4723	4152	3464
4152	4724	3464
4152	5264	4724
5264	3671	4724
5376	3315	4152
3315	5264	4152
3727	5376	4723
5376	4152	4723
5371	4151	3725
4151	4726	3725
4151	4723	4726
4723	3464	4726
5375	3727	4151
3727	4723	4151
3355	5375	5371
5375	4151	5371
5373	4150	3306
4150	5357	3306
4150	4721	5357
4721	3718	5357
4722	3463	4150
3463	4721	4150
3726	4722	5373
4722	4150	5373
4721	4149	3718
4149	5358	3718
4149	5372	5358
5372	3356	5358
4720	3725	4149
3725	5372	4149
3463	4720	4721
4720	4149	4721
4719	4148	3463
4148	4720	3463
4148	5371	4720
5371	3725	4720
5370	3355	4148
3355	5371	4148
3724	5370	4719
5370	4148	4719
5374	4147	3726
4147	4722	3726
4147	4719	4722
4719	3463	4722
5369	3724	4147
3724	4719	4147
3294	5369	5374
5369	4147	5374
5360	4146	3354
4146	5368	3354
4146	4717	5368
4717	3723	5368
4718	3462	4146
3462	4717	4146
3719	4718	5360
4718	4146	5360
4717	4145	3723
4145	5367	3723
4145	5259	5367
5259	3307	5367
4716	3669	5259
4716	5259	4145
3462	4716	4717
4716	4145	4717
4715	4144	4716
4715	4716	3462
4144	5260	3669
4144	3669	4716
5366	3313	5260
5366	5260	4144
3722	5366	4715
5366	4144	4715
5359	4143	3719
4143	4718	3719
4143	4715	4718
4715	3462	4718
5365	3722	4143
3722	4715	4143
3356	5365	5359
5365	4143	5359
5363	4142	3305
4142	5362	3305
4142	4713	5362
4713	3720	5362
4714	3461	4142
3461	4713	4142
3721	4714	5363
4714	4142	5363
4713	4141	3720
4141	5361	3720
4141	5360	5361
5360	3354	5361
4712	3719	4141
3719	5360	4141
3461	4712	4713
4712	4141	4713
4711	4140	3461
4140	4712	3461
4140	5359	4712
5359	3719	4712
5358	3356	4140
3356	5359	4140
3718	5358	4711
5358	4140	4711
5364	4139	3721
4139	4714	3721
4139	4711	4714
4711	3461	4714
5357	3718	4139
3718	4711	4139
3306	5357	5364
5357	4139	5364
5355	5354	4138
5355	3345	5354
4138	3716	4709
4138	5354	3716
4710	4709	3460
4710	4138	4709
3717	5355	4710
4710	5355	4138
4709	5353	4137
4709	3716	5353
4137	3344	5352
4137	5353	3344
4708	5352	3715
4708	4137	5352
3460	4137	4708
3460	4709	4137
4707	4708	4136
4707	3460	4708
4136	3715	5351
4136	4708	3715
5258	5351	3307
5258	4136	5351
3668	4707	5258
5258	4707	4136
5356	3717	4135
4135	3717	4710
4135	4710	4707
4707	4710	3460
5257	4135	3668
3668	4135	4707
3304	5356	5257
5257	5356	4135
5321	4106	5309
5321	5309	3325
4106	4677	5309
4677	3694	5309
4678	3452	4677
4678	4677	4106
3700	4678	5321
4678	4106	5321
4677	4105	3694
4105	5310	3694
4105	5307	5310
5307	3322	5310
4676	3693	4105
3693	5307	4105
3452	4676	4105
3452	4105	4677
4675	4104	4676
4675	4676	3452
4104	5308	3693
4104	3693	4676
5320	3320	5308
5320	5308	4104
3699	5320	4104
3699	4104	4675
5322	4103	3700
4103	4678	3700
4103	4675	3452
4103	3452	4678
5319	3699	4675
5319	4675	4103
3323	5319	5322
5319	4103	5322
5307	4094	3322
4094	5295	3322
4094	4665	5295
4665	3687	5295
4666	3449	4094
3449	4665	4094
3693	4666	5307
4666	4094	5307
4665	4093	3687
4093	5296	3687
4093	5243	5296
5243	3311	5296
4664	3661	4093
3661	5243	4093
3449	4664	4665
4664	4093	4665
4663	4092	3449
4092	4664	3449
4092	5244	4664
5244	3661	4664
5306	3291	4092
3291	5244	4092
3692	5306	4663
5306	4092	4663
5308	4091	3693
4091	4666	3693
4091	4663	4666
4663	3449	4666
5305	3692	4091
3692	4663	4091
3320	5305	4091
3320	4091	5308
5246	4050	5260
5246	5260	3313
4050	4621	5260
4621	3669	5260
4622	3438	4050
3438	4621	4050
3662	4622	5246
4622	4050	5246
4621	4049	3669
4049	5259	3669
4049	5258	5259
5258	3307	5259
4620	3668	4049
3668	5258	4049
3438	4620	4621
4620	4049	4621
4619	4048	3438
4048	4620	3438
4048	5257	4620
5257	3668	4620
5256	3304	4048
3304	5257	4048
3667	5256	4619
5256	4048	4619
5245	4047	3662
4047	4622	3662
4047	4619	4622
4619	3438	4622
5255	3667	4047
3667	4619	4047
3287	5255	5245
5255	4047	5245
5249	4042	5239
5249	5239	3295
4042	4613	3659
4042	3659	5239
4614	3436	4613
4614	4613	4042
3664	4614	4042
3664	4042	5249
4613	4041	5240
4613	5240	3659
4041	5248	3312
4041	3312	5240
4612	3663	5248
4612	5248	4041
3436	4612	4041
3436	4041	4613
4611	4040	4612
4611	4612	3436
4040	5247	3663
4040	3663	4612
5246	3313	5247
5246	5247	4040
3662	5246	4040
3662	4040	4611
5250	4039	4614
5250	4614	3664
4039	4611	3436
4039	3436	4614
5245	3662	4611
5245	4611	4039
3287	5245	4039
3287	4039	5250
5243	4038	3311
4038	5242	3311
4038	4609	5242
4609	3660	5242
4610	3435	4038
3435	4609	4038
3661	4610	5243
4610	4038	5243
4609	4037	3660
4037	5241	3660
4037	5240	5241
5240	3312	5241
4608	3659	4037
3659	5240	4037
3435	4608	4609
4608	4037	4609
4607	4036	3435
4036	4608	3435
4036	5239	4608
5239	3659	4608
5238	3295	4036
3295	5239	4036
3658	5238	4607
5238	4036	4607
5244	4035	3661
4035	4610	3661
4035	4607	4610
4607	3435	4610
5237	3658	4035
3658	4607	4035
3291	5237	5244
5237	4035	5244
5189	3994	3272
3994	5183	3272
3994	4565	5183
4565	3631	5183
4566	3424	3994
3424	4565	3994
3634	4566	5189
4566	3994	5189
4565	3993	3631
3993	5184	3631
3993	5159	5184
5159	3281	5184
4564	3619	3993
3619	5159	3993
3424	4564	4565
4564	3993	4565
4563	3992	3424
3992	4564	3424
3992	5160	4564
5160	3619	4564
5188	3283	5160
5188	5160	3992
3633	5188	3992
3633	3992	4563
5190	3991	3634
3991	4566	3634
3991	4563	3424
3991	3424	4566
5187	3633	4563
5187	4563	3991
3260	5187	3991
3260	3991	5190
5185	3990	3269
3990	5179	3269
3990	4561	5179
4561	3629	5179
4562	3423	3990
3423	4561	3990
3632	4562	5185
4562	3990	5185
4561	3989	3629
3989	5180	3629
3989	5153	5180
5153	3284	5180
4560	3616	3989
3616	5153	3989
3423	4560	4561
4560	3989	4561
4559	3988	3423
3988	4560	3423
3988	5154	4560
5154	3616	4560
5184	3281	3988
3281	5154	3988
3631	5184	4559
5184	3988	4559
5186	3987	3632
3987	4562	3632
3987	4559	4562
4559	3423	4562
5183	3631	3987
3631	4559	3987
3272	5183	5186
5183	3987	5186
5181	3986	3263
3986	5171	3263
3986	4557	5171
4557	3625	5171
4558	3422	3986
3422	4557	3986
3630	4558	5181
4558	3986	5181
4557	3985	3625
3985	5172	3625
3985	5133	5172
5133	3279	5172
4556	3606	3985
3606	5133	3985
3422	4556	4557
4556	3985	4557
4555	3984	3422
3984	4556	3422
3984	5134	4556
5134	3606	4556
5180	3284	3984
3284	5134	3984
3629	5180	4555
5180	3984	4555
5182	3983	3630
3983	4558	3630
3983	4555	4558
4555	3422	4558
5179	3629	3983
3629	4555	3983
3269	5179	5182
5179	3983	5182
5177	3982	3343
3982	5176	3343
3982	4553	5176
4553	3627	5176
4554	3421	3982
3421	4553	3982
3628	4554	5177
4554	3982	5177
4553	3981	3627
3981	5175	3627
3981	5174	5175
5174	3347	5175
4552	3626	3981
3626	5174	3981
3421	4552	4553
4552	3981	4553
4551	3980	3421
3980	4552	3421
3980	5173	4552
5173	3626	4552
5172	3279	3980
3279	5173	3980
3625	5172	4551
5172	3980	4551
5178	3979	3628
3979	4554	3628
3979	4551	4554
4551	3421	4554
5171	3625	3979
3625	4551	3979
3263	5171	5178
5171	3979	5178
5169	3978	3282
3978	5165	3282
3978	4549	5165
4549	3622	5165
4550	3420	3978
3420	4549	3978
3624	4550	5169
4550	3978	5169
4549	3977	3622
3977	5166	3622
3977	5111	5166
5111	3267	5166
4548	3595	3977
3595	5111	3977
3420	4548	4549
4548	3977	4549
4547	3976	3420
3976	4548	3420
3976	5112	4548
5112	3595	4548
5141	3259	3976
3259	5112	3976
3610	5141	4547
5141	3976	4547
5170	3975	3624
3975	4550	3624
3975	4547	4550
4547	3420	4550
5142	3610	3975
3610	4547	3975
3278	5142	5170
5142	3975	5170
5167	3974	3267
3974	5166	3267
3974	4545	5166
4545	3622	5166
4546	3419	3974
3419	4545	3974
3623	4546	5167
4546	3974	5167
4545	3973	3622
3973	5165	3622
3973	5164	5165
5164	3282	5165
4544	3621	3973
3621	5164	3973
3419	4544	4545
4544	3973	4545
4543	3972	3419
3972	4544	3419
3972	5163	4544
5163	3621	4544
5162	3373	3972
3373	5163	3972
3620	5162	4543
5162	3972	4543
5168	3971	3623
3971	4546	3623
3971	4543	4546
4543	3419	4546
5161	3620	3971
3620	4543	3971
3258	5161	5168
5161	3971	5168
5159	3970	3281
3970	5149	3281
3970	4541	5149
4541	3614	5149
4542	3418	3970
3418	4541	3970
3619	4542	5159
4542	3970	5159
4541	3969	3614
3969	5150	3614
3969	5158	5150
5158	3271	5150
4540	3618	3969
3618	5158	3969
3418	4540	4541
4540	3969	4541
4539	3968	3418
3968	4540	3418
3968	5157	4540
5157	3618	4540
5156	3270	3968
3270	5157	3968
3617	5156	4539
5156	3968	4539
5160	3967	3619
3967	4542	3619
3967	4539	4542
4539	3418	4542
5155	3617	4539
5155	4539	3967
3283	5155	3967
3283	3967	5160
5153	3966	3284
3966	5135	3284
3966	4537	5135
4537	3607	5135
4538	3417	3966
3417	4537	3966
3616	4538	5153
4538	3966	5153
4537	3965	3607
3965	5136	3607
3965	5152	5136
5152	3277	5136
4536	3615	3965
3615	5152	3965
3417	4536	4537
4536	3965	4537
4535	3964	3417
3964	4536	3417
3964	5151	4536
5151	3615	4536
5150	3271	3964
3271	5151	3964
3614	5150	4535
5150	3964	4535
5154	3963	3616
3963	4538	3616
3963	4535	4538
4535	3417	4538
5149	3614	3963
3614	4535	3963
3281	5149	5154
5149	3963	5154
5147	3962	3280
3962	5139	3280
3962	4533	5139
4533	3609	5139
4534	3416	3962
3416	4533	3962
3613	4534	5147
4534	3962	5147
4533	3961	3609
3961	5140	3609
3961	5097	5140
5097	3264	5140
4532	3588	3961
3588	5097	3961
3416	4532	4533
4532	3961	4533
4531	3960	3416
3960	4532	3416
3960	5098	4532
5098	3588	4532
5146	3350	3960
3350	5098	3960
3612	5146	4531
5146	3960	4531
5148	3959	3613
3959	4534	3613
3959	4531	4534
4531	3416	4534
5145	3612	3959
3612	4531	3959
3331	5145	5148
5145	3959	5148
5143	3958	3278
3958	5142	3278
3958	4529	5142
4529	3610	5142
4530	3415	3958
3415	4529	3958
3611	4530	5143
4530	3958	5143
4529	3957	3610
3957	5141	3610
3957	5105	5141
5105	3259	5141
4528	3592	3957
3592	5105	3957
3415	4528	4529
4528	3957	4529
4527	3956	3415
3956	4528	3415
3956	5106	4528
5106	3592	4528
5140	3264	3956
3264	5106	3956
3609	5140	4527
5140	3956	4527
5144	3955	3611
3955	4530	3611
3955	4527	4530
4527	3415	4530
5139	3609	3955
3609	4527	3955
3280	5139	5144
5139	3955	5144
5137	3954	3277
3954	5136	3277
3954	4525	5136
4525	3607	5136
4526	3414	4525
4526	4525	3954
3608	4526	5137
4526	3954	5137
4525	3953	3607
3953	5135	3607
3953	5134	5135
5134	3284	5135
4524	3606	3953
3606	5134	3953
3414	4524	4525
4524	3953	4525
4523	3952	3414
3952	4524	3414
3952	5133	4524
5133	3606	4524
5132	3279	3952
3279	5133	3952
3605	5132	3952
3605	3952	4523
5138	3951	3608
3951	4526	3608
3951	4523	3414
3951	3414	4526
5131	3605	4523
5131	4523	3951
3266	5131	3951
3266	3951	5138
5104	3934	5112
5104	5112	3259
3934	4505	3595
3934	3595	5112
4506	3409	4505
4506	4505	3934
3591	4506	3934
3591	3934	5104
4505	3933	5111
4505	5111	3595
3933	5110	3267
3933	3267	5111
4504	3594	5110
4504	5110	3933
3409	4504	3933
3409	3933	4505
4503	3932	4504
4503	4504	3409
3932	5109	3594
3932	3594	4504
5108	3268	5109
5108	5109	3932
3593	5108	3932
3593	3932	4503
5103	3931	4506
5103	4506	3591
3931	4503	3409
3931	3409	4506
5107	3593	4503
5107	4503	3931
3261	5107	3931
3261	3931	5103
5096	3930	5106
5096	5106	3264
3930	4501	3592
3930	3592	5106
4502	3408	4501
4502	4501	3930
3587	4502	3930
3587	3930	5096
4501	3929	5105
4501	5105	3592
3929	5104	3259
3929	3259	5105
4500	3591	5104
4500	5104	3929
3408	4500	3929
3408	3929	4501
4499	3928	4500
4499	4500	3408
3928	5103	3591
3928	3591	4500
5102	3261	5103
5102	5103	3928
3590	5102	3928
3590	3928	4499
5095	3927	4502
5095	4502	3587
3927	4499	3408
3927	3408	4502
5101	3590	4499
5101	4499	3927
3265	5101	3927
3265	3927	5095
5099	3926	3350
3926	5098	3350
3926	4497	3588
3926	3588	5098
4498	3407	3926
3407	4497	3926
3589	4498	5099
4498	3926	5099
4497	3925	5097
4497	5097	3588
3925	5096	3264
3925	3264	5097
4496	3587	5096
4496	5096	3925
3407	4496	3925
3407	3925	4497
4495	3924	4496
4495	4496	3407
3924	5095	3587
3924	3587	4496
5094	3265	5095
5094	5095	3924
3586	5094	3924
3586	3924	4495
5100	3923	3589
3923	4498	3589
3923	4495	3407
3923	3407	4498
5093	3586	4495
5093	4495	3923
3351	5093	3923
3351	3923	5100
5665	5305	3320
5665	5685	5305
3692	5685	5671
3692	5305	5685
3692	5671	5306
5306	5671	5686
3291	5306	5660
5660	5306	5686
3320	5684	5665
3320	5320	5684
3699	5670	5320
5320	5670	5684
3699	5319	5670
5670	5319	5683
3323	5683	5319
3323	5659	5683
3323	5572	5659
5659	5572	5696
3825	5696	5572
3825	5676	5696
3825	5571	5676
5676	5571	5695
3381	5695	5571
3381	5666	5695
3381	5534	5666
5666	5534	5690
3806	5690	5534
3806	5673	5690
3291	5677	5237
3291	5660	5677
3806	5689	5673
3806	5533	5689
3342	5658	5533
5533	5658	5689
3342	5688	5658
3342	5428	5688
3753	5672	5428
5428	5672	5688
3753	5687	5672
3753	5427	5687
3348	5664	5427
5427	5664	5687
3348	5692	5664
3348	5446	5692
3762	5674	5446
5446	5674	5692
3762	5445	5674
5674	5445	5691
3345	5691	5445
3345	5662	5691
3345	5355	5662
5662	5355	5694
3717	5694	5355
3717	5675	5694
3717	5693	5675
3717	5356	5693
3304	5663	5356
5356	5663	5693
3304	5682	5663
3304	5256	5682
3667	5669	5256
5256	5669	5682
3667	5681	5669
3667	5255	5681
3287	5657	5255
5255	5657	5681
3287	5680	5657
3287	5250	5680
3664	5680	5250
3664	5668	5680
3658	5237	5667
5667	5237	5677
3658	5678	5238
3658	5667	5678
3295	5238	5661
5661	5238	5678
3295	5679	5249
3295	5661	5679
3664	5249	5668
5668	5249	5679
3721	5363	5712
3349	5698	5724
5705	5382	5719
5705	3308	5382
3308	5720	5389
3308	5705	5720
3730	5708	5719
3730	5719	5382
3730	5381	5708
5381	5718	5708
3734	5389	5709
5709	5389	5720
3734	5721	5390
3734	5709	5721
3327	5721	5699
3327	5390	5721
3294	5700	5718
3294	5718	5381
3294	5374	5700
5374	5728	5700
3726	5713	5728
3726	5728	5374
3726	5373	5713
5373	5729	5713
3306	5702	5729
3306	5729	5373
3306	5364	5702
5364	5726	5702
3327	5699	5407
5407	5699	5716
3743	5716	5707
3743	5407	5716
3743	5717	5408
3743	5707	5717
3353	5408	5704
5704	5408	5717
3353	5714	5401
3353	5704	5714
3740	5401	5706
5706	5401	5714
3740	5706	5402
5402	5706	5715
3349	5715	5698
3349	5402	5715
3721	5712	5726
3721	5726	5364
3349	5724	5409
5409	5724	5711
3744	5711	5725
3744	5409	5711
3305	5727	5363
5727	5712	5363
3305	5701	5727
3305	5417	5701
3748	5723	5417
5417	5723	5701
3744	5725	5410
5410	5725	5703
3352	5703	5722
3352	5410	5703
3352	5722	5418
5418	5722	5710
3748	5710	5723
3748	5418	5710
5573	4382	5345
5573	5345	3340
4382	4953	3712
4382	3712	5345
4954	3521	4953
4954	4953	4382
3826	4954	4382
3826	4382	5573
4953	4381	5346
4953	5346	3712
4381	5541	3335
4381	3335	5346
4952	3810	5541
4952	5541	4381
3521	4952	4381
3521	4381	4953
4951	4380	4952
4951	4952	3521
4380	5542	3810
4380	3810	4952
5327	3329	5542
5327	5542	4380
3703	5327	4951
5327	4380	4951
5574	4379	4954
5574	4954	3826
4379	4951	3521
4379	3521	4954
5328	3703	4379
3703	4951	4379
3328	5328	5574
5328	4379	5574
5567	4370	3346
4370	5117	3346
4370	4941	5117
4941	3598	5117
4942	3518	4370
3518	4941	4370
3823	4942	5567
4942	4370	5567
4941	4369	3598
4369	5118	3598
4369	5565	3338
4369	3338	5118
4940	3822	5565
4940	5565	4369
3518	4940	4369
3518	4369	4941
4939	4368	4940
4939	4940	3518
4368	5566	3822
4368	3822	4940
5313	3326	5566
5313	5566	4368
3696	5313	4368
3696	4368	4939
5568	4367	3823
4367	4942	3823
4367	4939	4942
4939	3518	4942
5314	3696	4939
5314	4939	4367
3325	5314	4367
3325	4367	5568
5318	4366	3326
4366	5566	3326
4366	4937	5566
4937	3822	5566
4938	3517	4366
3517	4937	4366
3698	4938	5318
4938	4366	5318
4937	4365	3822
4365	5565	3822
4365	5349	5565
5349	3338	5565
4936	3714	4365
3714	5349	4365
3517	4936	4937
4936	4365	4937
4935	4364	3517
4364	4936	3517
4364	5350	4936
5350	3714	4936
5564	3332	5350
5564	5350	4364
3821	5564	4935
5564	4364	4935
5317	4363	3698
4363	4938	3698
4363	4935	4938
4935	3517	4938
5563	3821	4363
3821	4935	4363
3324	5563	5317
5563	4363	5317
5557	4354	3369
4354	5475	3369
4354	4925	5475
4925	3777	5475
4926	3514	4354
3514	4925	4354
3818	4926	5557
4926	4354	5557
4925	4353	3777
4353	5476	3777
4353	5483	5476
5483	3371	5476
4924	3781	4353
3781	5483	4353
3514	4924	4925
4924	4353	4925
4923	4352	3514
4352	4924	3514
4352	5484	4924
5484	3781	4924
5555	3372	4352
3372	5484	4352
3817	5555	4923
5555	4352	4923
5558	4351	3818
4351	4926	3818
4351	4923	4926
4923	3514	4926
5556	3817	4351
3817	4923	4351
3285	5556	5558
5556	4351	5558
5192	4350	3286
4350	5527	3286
4350	4921	5527
4921	3803	5527
4922	3513	4350
3513	4921	4350
3635	4922	5192
4922	4350	5192
4921	4349	5528
4921	5528	3803
4349	5556	3285
4349	3285	5528
4920	3817	5556
4920	5556	4349
3513	4920	4921
4920	4349	4921
4919	4348	3513
4348	4920	3513
4348	5555	3817
4348	3817	4920
5553	3372	5555
5553	5555	4348
3816	5553	4919
5553	4348	4919
5191	4347	3635
4347	4922	3635
4347	4919	4922
4919	3513	4922
5554	3816	4347
3816	4919	4347
3249	5554	5191
5554	4347	5191
5553	4346	3372
4346	5485	3372
4346	4917	5485
4917	3782	5485
4918	3512	4346
3512	4917	4346
3816	4918	5553
4918	4346	5553
4917	4345	3782
4345	5486	3782
4345	5551	5486
5551	3252	5486
4916	3815	4345
3815	5551	4345
3512	4916	4917
4916	4345	4917
4915	4344	3512
4344	4916	3512
4344	5552	4916
5552	3815	4916
5057	3250	4344
3250	5552	4344
3568	5057	4915
5057	4344	4915
5554	4343	4918
5554	4918	3816
4343	4915	4918
4915	3512	4918
5058	3568	4343
3568	4915	4343
3249	5058	4343
3249	4343	5554
5551	4342	3252
4342	5487	3252
4342	4913	5487
4913	3783	5487
4914	3511	4342
3511	4913	4342
3815	4914	5551
4914	4342	5551
4913	4341	3783
4341	5488	3783
4341	5549	3251
4341	3251	5488
4912	3814	4341
3814	5549	4341
3511	4912	4913
4912	4341	4913
4911	4340	3511
4340	4912	3511
4340	5550	4912
5550	3814	4912
5065	3253	4340
3253	5550	4340
3572	5065	4911
5065	4340	4911
5552	4339	3815
4339	4914	3815
4339	4911	4914
4911	3511	4914
5066	3572	4339
3572	4911	4339
3250	5066	5552
5066	4339	5552
5548	4338	5061
5548	5061	3248
4338	4909	3570
4338	3570	5061
4910	3510	4909
4910	4909	4338
3813	4910	4338
3813	4338	5548
4909	4337	5062
4909	5062	3570
4337	5550	3253
4337	3253	5062
4908	3814	5550
4908	5550	4337
3510	4908	4337
3510	4337	4909
4907	4336	4908
4907	4908	3510
4336	5549	3814
4336	3814	4908
5481	3251	5549
5481	5549	4336
3780	5481	4336
3780	4336	4907
5547	4335	4910
5547	4910	3813
4335	4907	3510
4335	3510	4910
5482	3780	4907
5482	4907	4335
3244	5482	4335
3244	4335	5547
5546	4334	5049
5546	5049	3241
4334	4905	3564
4334	3564	5049
4906	3509	4905
4906	4905	4334
3812	4906	5546
4906	4334	5546
4905	4333	5050
4905	5050	3564
4333	5548	3248
4333	3248	5050
4904	3813	5548
4904	5548	4333
3509	4904	4333
3509	4333	4905
4903	4332	4904
4903	4904	3509
4332	5547	3813
4332	3813	4904
5087	3244	5547
5087	5547	4332
3583	5087	4332
3583	4332	4903
5545	4331	4906
5545	4906	3812
4331	4903	3509
4331	3509	4906
5088	3583	4903
5088	4903	4331
3235	5088	4331
3235	4331	5545
5544	4330	5021
5544	5021	3239
4330	4901	5021
4901	3550	5021
4902	3508	4330
3508	4901	4330
3811	4902	5544
4902	4330	5544
4901	4329	3550
4329	5022	3550
4329	5546	5022
5546	3241	5022
4900	3812	4329
3812	5546	4329
3508	4900	4901
4900	4329	4901
4899	4328	3508
4328	4900	3508
4328	5545	4900
5545	3812	4900
5091	3235	5545
5091	5545	4328
3585	5091	4328
3585	4328	4899
5543	4327	4902
5543	4902	3811
4327	4899	3508
4327	3508	4902
5092	3585	4899
5092	4899	4327
3226	5092	4327
3226	4327	5543
5074	4326	3233
4326	5539	3233
4326	4897	5539
4897	3809	5539
4898	3507	4326
3507	4897	4326
3576	4898	5074
4898	4326	5074
4897	4325	3809
4325	5540	3809
4325	5017	5540
5017	3240	5540
4896	3548	4325
3548	5017	4325
3507	4896	4897
4896	4325	4897
4895	4324	3507
4324	4896	3507
4324	5018	4896
5018	3548	4896
5544	3239	4324
3239	5018	4324
3811	5544	4895
5544	4324	4895
5073	4323	3576
4323	4898	3576
4323	4895	4898
4895	3507	4898
5543	3811	4323
3811	4895	4323
3226	5543	5073
5543	4323	5073
5080	4322	5542
5080	5542	3329
4322	4893	5542
4893	3810	5542
4894	3506	4322
3506	4893	4322
3579	4894	5080
4894	4322	5080
4893	4321	3810
4321	5541	3810
4321	5013	5541
5013	3335	5541
4892	3546	4321
3546	5013	4321
3506	4892	4893
4892	4321	4893
4891	4320	3506
4320	4892	3506
4320	5014	4892
5014	3546	4892
5540	3240	4320
3240	5014	4320
3809	5540	4891
5540	4320	4891
5079	4319	3579
4319	4894	3579
4319	4891	4894
4891	3506	4894
5539	3809	4319
3809	4891	4319
3233	5539	5079
5539	4319	5079
5487	4262	3252
4262	5486	3252
4262	4833	5486
4833	3782	5486
4834	3491	4262
3491	4833	4262
3783	4834	5487
4834	4262	5487
4833	4261	3782
4261	5485	3782
4261	5484	5485
5484	3372	5485
4832	3781	4261
3781	5484	4261
3491	4832	4833
4832	4261	4833
4831	4260	3491
4260	4832	3491
4260	5483	4832
5483	3781	4832
5479	3371	4260
3371	5483	4260
3779	5479	4831
5479	4260	4831
5488	4259	3783
4259	4834	3783
4259	4831	4834
4831	3491	4834
5480	3779	4259
3779	4831	4259
3251	5480	5488
5480	4259	5488
5481	4258	3251
4258	5480	3251
4258	4829	5480
4829	3779	5480
4830	3490	4258
3490	4829	4258
3780	4830	5481
4830	4258	5481
4829	4257	3779
4257	5479	3779
4257	5477	5479
5477	3371	5479
4828	3778	4257
3778	5477	4257
3490	4828	4829
4828	4257	4829
4827	4256	3490
4256	4828	3490
4256	5478	4828
5478	3778	4828
5085	3254	4256
3254	5478	4256
3582	5085	4827
5085	4256	4827
5482	4255	3780
4255	4830	3780
4255	4827	4830
4827	3490	4830
5086	3582	4255
3582	4827	4255
3244	5086	5482
5086	4255	5482
5477	4254	3371
4254	5476	3371
4254	4825	5476
4825	3777	5476
4826	3489	4254
3489	4825	4254
3778	4826	5477
4826	4254	5477
4825	4253	3777
4253	5475	3777
4253	5469	5475
5469	3369	5475
4824	3774	4253
3774	5469	4253
3489	4824	4825
4824	4253	4825
4823	4252	3489
4252	4824	3489
4252	5470	4824
5470	3774	4824
5197	3373	4252
3373	5470	4252
3638	5197	4823
5197	4252	4823
5478	4251	3778
4251	4826	3778
4251	4823	4826
4823	3489	4826
5198	3638	4251
3638	4823	4251
3254	5198	5478
5198	4251	5478
5349	4134	5027
5349	5027	3338
4134	4705	3553
4134	3553	5027
4706	3459	4705
4706	4705	4134
3714	4706	4134
3714	4134	5349
4705	4133	5028
4705	5028	3553
4133	5341	3341
4133	3341	5028
4704	3710	5341
4704	5341	4133
3459	4704	4133
3459	4133	4705
4703	4132	4704
4703	4704	3459
4132	5342	3710
4132	3710	4704
5348	3339	5342
5348	5342	4132
3713	5348	4132
3713	4132	4703
5350	4131	4706
5350	4706	3714
4131	4703	3459
4131	3459	4706
5347	3713	4703
5347	4703	4131
3332	5347	4131
3332	4131	5350
5336	4130	3336
4130	5011	3336
4130	4701	5011
4701	3545	5011
4702	3458	4130
3458	4701	4130
3707	4702	5336
4702	4130	5336
4701	4129	3545
4129	5012	3545
4129	5346	5012
5346	3335	5012
4700	3712	4129
3712	5346	4129
3458	4700	4701
4700	4129	4701
4699	4128	3458
4128	4700	3458
4128	5345	4700
5345	3712	4700
5344	3340	4128
3340	5345	4128
3711	5344	4699
5344	4128	4699
5335	4127	3707
4127	4702	3707
4127	4699	4702
4699	3458	4702
5343	3711	4127
3711	4699	4127
3334	5343	5335
5343	4127	5335
5341	4126	4999
5341	4999	3341
4126	4697	4999
4697	3539	4999
4698	3457	4126
3457	4697	4126
3710	4698	4126
3710	4126	5341
4697	4125	3539
4125	5000	3539
4125	5337	5000
5337	3337	5000
4696	3708	4125
3708	5337	4125
3457	4696	4697
4696	4125	4697
4695	4124	3457
4124	4696	3457
4124	5338	4696
5338	3708	4696
5340	3333	4124
3333	5338	4124
3709	5340	4695
5340	4124	4695
5342	4123	4698
5342	4698	3710
4123	4695	4698
4695	3457	4698
5339	3709	4123
3709	4695	4123
3339	5339	5342
5339	4123	5342
5337	4122	3337
4122	4981	3337
4122	4693	4981
4693	3530	4981
4694	3456	4122
3456	4693	4122
3708	4694	5337
4694	4122	5337
4693	4121	3530
4121	4982	3530
4121	5336	4982
5336	3336	4982
4692	3707	4121
3707	5336	4121
3456	4692	4693
4692	4121	4693
4691	4120	3456
4120	4692	3456
4120	5335	4692
5335	3707	4692
5334	3334	4120
3334	5335	4120
3706	5334	4691
5334	4120	4691
5338	4119	3708
4119	4694	3708
4119	4691	4694
4691	3456	4694
5333	3706	4119
3706	4691	4119
3333	5333	5338
5333	4119	5338
5324	4118	5293
5324	5293	3314
4118	4689	3686
4118	3686	5293
4690	3455	4689
4690	4689	4118
3701	4690	4118
3701	4118	5324
4689	4117	5294
4689	5294	3686
4117	5331	3318
4117	3318	5294
4688	3705	4117
3705	5331	4117
3455	4688	4117
3455	4117	4689
4687	4116	4688
4687	4688	3455
4116	5332	4688
5332	3705	4688
5075	3329	5332
5075	5332	4116
3577	5075	4116
3577	4116	4687
5323	4115	4690
5323	4690	3701
4115	4687	3455
4115	3455	4690
5076	3577	4687
5076	4687	4115
3330	5076	4115
3330	4115	5323
5331	4114	3318
4114	5281	3318
4114	4685	5281
4685	3680	5281
4686	3454	4114
3454	4685	4114
3705	4686	5331
4686	4114	5331
4685	4113	3680
4113	5282	3680
4113	5330	5282
5330	3317	5282
4684	3704	4113
3704	5330	4113
3454	4684	4685
4684	4113	4685
4683	4112	3454
4112	4684	3454
4112	5329	4684
5329	3704	4684
5328	3328	4112
3328	5329	4112
3703	5328	4683
5328	4112	4683
5332	4111	3705
4111	4686	3705
4111	4683	4686
4683	3454	4686
5327	3703	4111
3703	4683	4111
3329	5327	5332
5327	4111	5332
5204	4110	5326
5204	5326	3331
4110	4681	3702
4110	3702	5326
4682	3453	4681
4682	4681	4110
3641	4682	4110
3641	4110	5204
4681	4109	5325
4681	5325	3702
4109	5269	3316
4109	3316	5325
4680	3674	4109
3674	5269	4109
3453	4680	4109
3453	4109	4681
4679	4108	3453
4108	4680	3453
4108	5270	4680
5270	3674	4680
5324	3314	4108
3314	5270	4108
3701	5324	4679
5324	4108	4679
5203	4107	4682
5203	4682	3641
4107	4679	3453
4107	3453	4682
5323	3701	4107
3701	4679	4107
3330	5323	4107
3330	4107	5203
5317	4102	3324
4102	5316	3324
4102	4673	5316
4673	3697	5316
4674	3451	4102
3451	4673	4102
3698	4674	5317
4674	4102	5317
4673	4101	3697
4101	5315	3697
4101	5303	5315
5303	3319	5315
4672	3691	4101
3691	5303	4101
3451	4672	4673
4672	4101	4673
4671	4100	3451
4100	4672	3451
4100	5304	4672
5304	3691	4672
5311	3321	4100
3321	5304	4100
3695	5311	4671
5311	4100	4671
5318	4099	3698
4099	4674	3698
4099	4671	4674
4671	3451	4674
5312	3695	4099
3695	4671	4099
3326	5312	5318
5312	4099	5318
5313	4098	3326
4098	5312	3326
4098	4669	5312
4669	3695	5312
4670	3450	4098
3450	4669	4098
3696	4670	5313
4670	4098	5313
4669	4097	3695
4097	5311	3695
4097	5299	5311
5299	3321	5311
4668	3689	4097
3689	5299	4097
3450	4668	4669
4668	4097	4669
4667	4096	3450
4096	4668	3450
4096	5300	4668
5300	3689	4668
5310	3322	4096
3322	5300	4096
3694	5310	4667
5310	4096	4667
5314	4095	3696
4095	4670	3696
4095	4667	4670
4667	3450	4670
5309	3694	4095
3694	4667	4095
3325	5309	5314
5309	4095	5314
5303	4090	3319
4090	5302	3319
4090	4661	5302
4661	3690	5302
4662	3448	4090
3448	4661	4090
3691	4662	5303
4662	4090	5303
4661	4089	3690
4089	5301	3690
4089	5233	5301
5233	3290	5301
4660	3656	4089
3656	5233	4089
3448	4660	4661
4660	4089	4661
4659	4088	3448
4088	4660	3448
4088	5234	4660
5234	3656	4660
5297	3310	4088
3310	5234	4088
3688	5297	4659
5297	4088	4659
5304	4087	3691
4087	4662	3691
4087	4659	4662
4659	3448	4662
5298	3688	4087
3688	4659	4087
3321	5298	5304
5298	4087	5304
5299	4086	3321
4086	5298	3321
4086	4657	5298
4657	3688	5298
4658	3447	4086
3447	4657	4086
3689	4658	5299
4658	4086	5299
4657	4085	3688
4085	5297	3688
4085	5251	5297
5251	3310	5297
4656	3665	4085
3665	5251	4085
3447	4656	4657
4656	4085	4657
4655	4084	3447
4084	4656	3447
4084	5252	4656
5252	3665	4656
5296	3311	4084
3311	5252	4084
3687	5296	4655
5296	4084	4655
5300	4083	3689
4083	4658	3689
4083	4655	4658
4655	3447	4658
5295	3687	4083
3687	4655	4083
3322	5295	5300
5295	4083	5300
5280	4082	5294
5280	5294	3318
4082	4653	3686
4082	3686	5294
4654	3446	4653
4654	4653	4082
3679	4654	5280
4654	4082	5280
4653	4081	5293
4653	5293	3686
4081	5271	3314
4081	3314	5293
4652	3675	5271
4652	5271	4081
3446	4652	4081
3446	4081	4653
4651	4080	4652
4651	4652	3446
4080	5272	3675
4080	3675	4652
5291	3302	5272
5291	5272	4080
3685	5291	4080
3685	4080	4651
5279	4079	3679
4079	4654	3679
4079	4651	3446
4079	3446	4654
5292	3685	4079
3685	4651	4079
3293	5292	5279
5292	4079	5279
5291	4078	5225
5291	5225	3302
4078	4649	3652
4078	3652	5225
4650	3445	4649
4650	4649	4078
3685	4650	4078
3685	4078	5291
4649	4077	5226
4649	5226	3652
4077	5290	3299
4077	3299	5226
4648	3684	5290
4648	5290	4077
3445	4648	4077
3445	4077	4649
4647	4076	4648
4647	4648	3445
4076	5289	3684
4076	3684	4648
5287	3298	5289
5287	5289	4076
3683	5287	4076
3683	4076	4647
5292	4075	4650
5292	4650	3685
4075	4647	3445
4075	3445	4650
5288	3683	4647
5288	4647	4075
3293	5288	4075
3293	4075	5292
5274	4074	5288
5274	5288	3293
4074	4645	3683
4074	3683	5288
4646	3444	4645
4646	4645	4074
3676	4646	4074
3676	4074	5274
4645	4073	5287
4645	5287	3683
4073	5286	3298
4073	3298	5287
4644	3682	5286
4644	5286	4073
3444	4644	4073
3444	4073	4645
4643	4072	4644
4643	4644	3444
4072	5285	3682
4072	3682	4644
5209	3297	5285
5209	5285	4072
3644	5209	4072
3644	4072	4643
5273	4071	4646
5273	4646	3676
4071	4643	3444
4071	3444	4646
5210	3644	4643
5210	4643	4071
3292	5210	5273
5210	4071	5273
5283	4070	3317
4070	5282	3317
4070	4641	5282
4641	3680	5282
4642	3443	4070
3443	4641	4070
3681	4642	5283
4642	4070	5283
4641	4069	3680
4069	5281	3680
4069	5280	5281
5280	3318	5281
4640	3679	4069
3679	5280	4069
3443	4640	4641
4640	4069	4641
4639	4068	3443
4068	4640	3443
4068	5279	4640
5279	3679	4640
5275	3293	4068
3293	5279	4068
3677	5275	4639
5275	4068	4639
5284	4067	3681
4067	4642	3681
4067	4639	4642
4639	3443	4642
5276	3677	4067
3677	4639	4067
3289	5276	5284
5276	4067	5284
5277	4066	3289
4066	5276	3289
4066	4637	5276
4637	3677	5276
4638	3442	4066
3442	4637	4066
3678	4638	5277
4638	4066	5277
4637	4065	3677
4065	5275	3677
4065	5274	5275
5274	3293	5275
4636	3676	4065
3676	5274	4065
3442	4636	4637
4636	4065	4637
4635	4064	3442
4064	4636	3442
4064	5273	4636
5273	3676	4636
5235	3292	4064
3292	5273	4064
3657	5235	4635
5235	4064	4635
5278	4063	3678
4063	4638	3678
4063	4635	4638
4635	3442	4638
5236	3657	4063
3657	4635	4063
3288	5236	5278
5236	4063	5278
5271	4062	5270
5271	5270	3314
4062	4633	3674
4062	3674	5270
4634	3441	4633
4634	4633	4062
3675	4634	4062
3675	4062	5271
4633	4061	5269
4633	5269	3674
4061	5268	3316
4061	3316	5269
4632	3673	5268
4632	5268	4061
3441	4632	4061
3441	4061	4633
4631	4060	4632
4631	4632	3441
4060	5267	3673
4060	3673	4632
5265	3315	5267
5265	5267	4060
3672	5265	4060
3672	4060	4631
5272	4059	4634
5272	4634	3675
4059	4631	3441
4059	3441	4634
5266	3672	4631
5266	4631	4059
3302	5266	4059
3302	4059	5272
5265	4058	3315
4058	5264	3315
4058	4629	5264
4629	3671	5264
4630	3440	4058
3440	4629	4058
3672	4630	5265
4630	4058	5265
4629	4057	3671
4057	5263	3671
4057	5261	5263
5261	3313	5263
4628	3670	4057
3670	5261	4057
3440	4628	4629
4628	4057	4629
4627	4056	3440
4056	4628	3440
4056	5262	4628
5262	3670	4628
5229	3303	4056
3303	5262	4056
3654	5229	4627
5229	4056	4627
5266	4055	3672
4055	4630	3672
4055	4627	4630
4627	3440	4630
5230	3654	4055
3654	4627	4055
3302	5230	5266
5230	4055	5266
5220	4054	5262
5220	5262	3303
4054	4625	3670
4054	3670	5262
4626	3439	4625
4626	4625	4054
3649	4626	4054
3649	4054	5220
4625	4053	5261
4625	5261	3670
4053	5247	5261
5247	3313	5261
4624	3663	5247
4624	5247	4053
3439	4624	4053
3439	4053	4625
4623	4052	4624
4623	4624	3439
4052	5248	3663
4052	3663	4624
5253	3312	5248
5253	5248	4052
3666	5253	4623
5253	4052	4623
5219	4051	4626
5219	4626	3649
4051	4623	3439
4051	3439	4626
5254	3666	4051
3666	4623	4051
3301	5254	4051
3301	4051	5219
5214	4046	5254
5214	5254	3301
4046	4617	5254
4617	3666	5254
4618	3437	4046
3437	4617	4046
3646	4618	4046
3646	4046	5214
4617	4045	3666
4045	5253	3666
4045	5241	3312
4045	3312	5253
4616	3660	5241
4616	5241	4045
3437	4616	4617
4616	4045	4617
4615	4044	4616
4615	4616	3437
4044	5242	3660
4044	3660	4616
5252	3311	5242
5252	5242	4044
3665	5252	4044
3665	4044	4615
5213	4043	4618
5213	4618	3646
4043	4615	3437
4043	3437	4618
5251	3665	4615
5251	4615	4043
3310	5251	4043
3310	4043	5213
5235	4034	5211
5235	5211	3292
4034	4605	3645
4034	3645	5211
4606	3434	4034
3434	4605	4034
3657	4606	4034
3657	4034	5235
4605	4033	3645
4033	5212	3645
4033	5234	5212
5234	3310	5212
4604	3656	4033
3656	5234	4033
3434	4604	4605
4604	4033	4605
4603	4032	3434
4032	4604	3434
4032	5233	4604
5233	3656	4604
5232	3290	4032
3290	5233	4032
3655	5232	4603
5232	4032	4603
5236	4031	4606
5236	4606	3657
4031	4603	4606
4603	3434	4606
5231	3655	4031
3655	4603	4031
3288	5231	4031
3288	4031	5236
5229	4030	5221
5229	5221	3303
4030	4601	3650
4030	3650	5221
4602	3433	4601
4602	4601	4030
3654	4602	4030
3654	4030	5229
4601	4029	5222
4601	5222	3650
4029	5228	3309
4029	3309	5222
4600	3653	5228
4600	5228	4029
3433	4600	4029
3433	4029	4601
4599	4028	4600
4599	4600	3433
4028	5227	3653
4028	3653	4600
5226	3299	5227
5226	5227	4028
3652	5226	4028
3652	4028	4599
5230	4027	4602
5230	4602	3654
4027	4599	3433
4027	3433	4602
5225	3652	4599
5225	4599	4027
3302	5225	4027
3302	4027	5230
5216	4026	3300
4026	5224	3300
4026	4597	5224
4597	3651	5224
4598	3432	4026
3432	4597	4026
3647	4598	5216
4598	4026	5216
4597	4025	3651
4025	5223	3651
4025	5222	5223
5222	3309	5223
4596	3650	4025
3650	5222	4025
3432	4596	4597
4596	4025	4597
4595	4024	3432
4024	4596	3432
4024	5221	4596
5221	3650	4596
5220	3303	4024
3303	5221	4024
3649	5220	4595
5220	4024	4595
5215	4023	3647
4023	4598	3647
4023	4595	4598
4595	3432	4598
5219	3649	4023
3649	4595	4023
3301	5219	5215
5219	4023	5215
5217	4022	5216
5217	5216	3300
4022	4593	3647
4022	3647	5216
4594	3431	4593
4594	4593	4022
3648	4594	4022
3648	4022	5217
4593	4021	5215
4593	5215	3647
4021	5214	3301
4021	3301	5215
4592	3646	5214
4592	5214	4021
3431	4592	4021
3431	4021	4593
4591	4020	4592
4591	4592	3431
4020	5213	3646
4020	3646	4592
5205	3310	5213
5205	5213	4020
3642	5205	4591
5205	4020	4591
5218	4019	3648
4019	4594	3648
4019	4591	4594
4591	3431	4594
5206	3642	4019
3642	4591	4019
3296	5206	5218
5206	4019	5218
5211	4018	3292
4018	5210	3292
4018	4589	5210
4589	3644	5210
4590	3430	4018
3430	4589	4018
3645	4590	5211
4590	4018	5211
4589	4017	5209
4589	5209	3644
4017	5208	3297
4017	3297	5209
4588	3643	5208
4588	5208	4017
3430	4588	4589
4588	4017	4589
4587	4016	3430
4016	4588	3430
4016	5207	4588
5207	3643	4588
5206	3296	4016
3296	5207	4016
3642	5206	4587
5206	4016	4587
5212	4015	3645
4015	4590	3645
4015	4587	4590
4587	3430	4590
5205	3642	4015
3642	4587	4015
3310	5205	5212
5205	4015	5212
5078	4014	3256
4014	5201	3256
4014	4585	5201
4585	3640	5201
4586	3429	4014
3429	4585	4014
3578	4586	5078
4586	4014	5078
4585	4013	3640
4013	5202	3640
4013	5147	5202
5147	3280	5202
4584	3613	4013
3613	5147	4013
3429	4584	4585
4584	4013	4585
4583	4012	3429
4012	4584	3429
4012	5148	4584
5148	3613	4584
5204	3331	4012
3331	5148	4012
3641	5204	4583
5204	4012	4583
5077	4011	3578
4011	4586	3578
4011	4583	4586
4583	3429	4586
5203	3641	4011
3641	4583	4011
3330	5203	5077
5203	4011	5077
5200	4010	5143
5200	5143	3278
4010	4581	3611
4010	3611	5143
4582	3428	4581
4582	4581	4010
3639	4582	4010
3639	4010	5200
4581	4009	5144
4581	5144	3611
4009	5202	3280
4009	3280	5144
4580	3640	5202
4580	5202	4009
3428	4580	4009
3428	4009	4581
4579	4008	4580
4579	4580	3428
4008	5201	3640
4008	3640	4580
5069	3256	5201
5069	5201	4008
3574	5069	4008
3574	4008	4579
5199	4007	4582
5199	4582	3639
4007	4579	3428
4007	3428	4582
5070	3574	4579
5070	4579	4007
3255	5070	4007
3255	4007	5199
5090	4006	3257
4006	5195	3257
4006	4577	5195
4577	3637	5195
4578	3427	4006
3427	4577	4006
3584	4578	5090
4578	4006	5090
4577	4005	3637
4005	5196	3637
4005	5169	5196
5169	3282	5196
4576	3624	4005
3624	5169	4005
3427	4576	4577
4576	4005	4577
4575	4004	3427
4004	4576	3427
4004	5170	4576
5170	3624	4576
5200	3278	4004
3278	5170	4004
3639	5200	4575
5200	4004	4575
5089	4003	3584
4003	4578	3584
4003	4575	4578
4575	3427	4578
5199	3639	4003
3639	4575	4003
3255	5199	5089
5199	4003	5089
5197	4002	5163
5197	5163	3373
4002	4573	3621
4002	3621	5163
4574	3426	4573
4574	4573	4002
3638	4574	4002
3638	4002	5197
4573	4001	5164
4573	5164	3621
4001	5196	3282
4001	3282	5164
4572	3637	5196
4572	5196	4001
3426	4572	4001
3426	4001	4573
4571	4000	4572
4571	4572	3426
4000	5195	3637
4000	3637	4572
5083	3257	5195
5083	5195	4000
3581	5083	4000
3581	4000	4571
5198	3999	4574
5198	4574	3638
3999	4571	3426
3999	3426	4574
5084	3581	4571
5084	4571	3999
3254	5084	3999
3254	3999	5198
5128	3998	3276
3998	5194	3276
3998	4569	5194
4569	3636	5194
4570	3425	3998
3425	4569	3998
3603	4570	5128
4570	3998	5128
4569	3997	3636
3997	5193	3636
3997	5192	5193
5192	3286	5193
4568	3635	3997
3635	5192	3997
3425	4568	4569
4568	3997	4569
4567	3996	3425
3996	4568	3425
3996	5191	4568
5191	3635	4568
5059	3249	3996
3249	5191	3996
3569	5059	4567
5059	3996	4567
5127	3995	3603
3995	4570	3603
3995	4567	4570
4567	3425	4570
5060	3569	3995
3569	4567	3995
3246	5060	5127
5060	3995	5127
5054	3950	5123
5054	5123	3237
3950	4521	3601
3950	3601	5123
4522	3413	4521
4522	4521	3950
3566	4522	3950
3566	3950	5054
4521	3949	5124
4521	5124	3601
3949	5130	3274
3949	3274	5124
4520	3604	5130
4520	5130	3949
3413	4520	3949
3413	3949	4521
4519	3948	4520
4519	4520	3413
3948	5129	3604
3948	3604	4520
5128	3276	5129
5128	5129	3948
3603	5128	3948
3603	3948	4519
5053	3947	4522
5053	4522	3566
3947	4519	3413
3947	3413	4522
5127	3603	4519
5127	4519	3947
3246	5127	3947
3246	3947	5053
5036	3946	3228
3946	5119	3228
3946	4517	5119
4517	3599	5119
4518	3412	3946
3412	4517	3946
3557	4518	5036
4518	3946	5036
4517	3945	3599
3945	5120	3599
3945	5126	5120
5126	3273	5120
4516	3602	3945
3602	5126	3945
3412	4516	4517
4516	3945	4517
4515	3944	3412
3944	4516	3412
3944	5125	4516
5125	3602	4516
5124	3274	3944
3274	5125	3944
3601	5124	4515
5124	3944	4515
5035	3943	3557
3943	4518	3557
3943	4515	4518
4515	3412	4518
5123	3601	3943
3601	4515	3943
3237	5123	5035
5123	3943	5035
5032	3942	3231
3942	5113	3231
3942	4513	5113
4513	3596	5113
4514	3411	3942
3411	4513	3942
3555	4514	5032
4514	3942	5032
4513	3941	3596
3941	5114	3596
3941	5122	5114
5122	3275	5114
4512	3600	3941
3600	5122	3941
3411	4512	4513
4512	3941	4513
4511	3940	3411
3940	4512	3411
3940	5121	4512
5121	3600	4512
5120	3273	3940
3273	5121	3940
3599	5120	4511
5120	3940	4511
5031	3939	3555
3939	4514	3555
3939	4511	4514
4511	3411	4514
5119	3599	3939
3599	4511	3939
3228	5119	5031
5119	3939	5031
5026	3938	5118
5026	5118	3338
3938	4509	5118
4509	3598	5118
4510	3410	3938
3410	4509	3938
3552	4510	5026
4510	3938	5026
4509	3937	3598
3937	5117	3598
3937	5116	5117
5116	3346	5117
4508	3597	3937
3597	5116	3937
3410	4508	4509
4508	3937	4509
4507	3936	3410
3936	4508	3410
3936	5115	4508
5115	3597	4508
5114	3275	3936
3275	5115	3936
3596	5114	4507
5114	3936	4507
5025	3935	3552
3935	4510	3552
3935	4507	4510
4507	3410	4510
5113	3596	3935
3596	4507	3935
3231	5113	5025
5113	3935	5025
5091	3922	3235
3922	5081	3235
3922	4493	5081
4493	3580	5081
4494	3406	3922
3406	4493	3922
3585	4494	5091
4494	3922	5091
4493	3921	3580
3921	5082	3580
3921	5090	5082
5090	3257	5082
4492	3584	3921
3584	5090	3921
3406	4492	4493
4492	3921	4493
4491	3920	3406
3920	4492	3406
3920	5089	4492
5089	3584	4492
5071	3255	3920
3255	5089	3920
3575	5071	4491
5071	3920	4491
5092	3919	3585
3919	4494	3585
3919	4491	4494
4491	3406	4494
5072	3575	3919
3575	4491	3919
3226	5072	5092
5072	3919	5092
5087	3918	3244
3918	5086	3244
3918	4489	5086
4489	3582	5086
4490	3405	3918
3405	4489	3918
3583	4490	5087
4490	3918	5087
4489	3917	3582
3917	5085	3582
3917	5084	5085
5084	3254	5085
4488	3581	3917
3581	5084	3917
3405	4488	4489
4488	3917	4489
4487	3916	3405
3916	4488	3405
3916	5083	4488
5083	3581	4488
5082	3257	3916
3257	5083	3916
3580	5082	4487
5082	3916	4487
5088	3915	3583
3915	4490	3583
3915	4487	4490
4487	3405	4490
5081	3580	3915
3580	4487	3915
3235	5081	5088
5081	3915	5088
5079	3914	3233
3914	5067	3233
3914	4485	5067
4485	3573	5067
4486	3404	3914
3404	4485	3914
3579	4486	5079
4486	3914	5079
4485	3913	3573
3913	5068	3573
3913	5078	5068
5078	3256	5068
4484	3578	3913
3578	5078	3913
3404	4484	4485
4484	3913	4485
4483	3912	3404
3912	4484	3404
3912	5077	4484
5077	3578	4484
5076	3330	3912
3330	5077	3912
3577	5076	4483
5076	3912	4483
5080	3911	3579
3911	4486	3579
3911	4483	4486
4483	3404	4486
5075	3577	3911
3577	4483	3911
3329	5075	5080
5075	3911	5080
5073	3910	3226
3910	5072	3226
3910	4481	5072
4481	3575	5072
4482	3403	3910
3403	4481	3910
3576	4482	5073
4482	3910	5073
4481	3909	3575
3909	5071	3575
3909	5070	5071
5070	3255	5071
4480	3574	3909
3574	5070	3909
3403	4480	4481
4480	3909	4481
4479	3908	3403
3908	4480	3403
3908	5069	4480
5069	3574	4480
5068	3256	3908
3256	5069	3908
3573	5068	4479
5068	3908	4479
5074	3907	3576
3907	4482	3576
3907	4479	4482
4479	3403	4482
5067	3573	3907
3573	4479	3907
3233	5067	5074
5067	3907	5074
5044	3906	3243
3906	5055	3243
3906	4477	5055
4477	3567	5055
4478	3402	3906
3402	4477	3906
3561	4478	5044
4478	3906	5044
4477	3905	5056
4477	5056	3567
3905	5066	3250
3905	3250	5056
4476	3572	5066
4476	5066	3905
3402	4476	3905
3402	3905	4477
4475	3904	4476
4475	4476	3402
3904	5065	3572
3904	3572	4476
5063	3253	5065
5063	5065	3904
3571	5063	4475
5063	3904	4475
5043	3903	3561
3903	4478	3561
3903	4475	4478
4475	3402	4478
5064	3571	3903
3571	4475	3903
3247	5064	5043
5064	3903	5043
5040	3902	3247
3902	5064	3247
3902	4473	5064
4473	3571	5064
4474	3401	3902
3401	4473	3902
3559	4474	5040
4474	3902	5040
4473	3901	3571
3901	5063	3571
3901	5062	5063
5062	3253	5063
4472	3570	3901
3570	5062	3901
3401	4472	4473
4472	3901	4473
4471	3900	3401
3900	4472	3401
3900	5061	4472
5061	3570	4472
5047	3248	3900
3248	5061	3900
3563	5047	4471
5047	3900	4471
5039	3899	3559
3899	4474	3559
3899	4471	4474
4471	3401	4474
5048	3563	3899
3563	4471	3899
3245	5048	5039
5048	3899	5039
5059	3898	5058
5059	5058	3249
3898	4469	5058
4469	3568	5058
4470	3400	4469
4470	4469	3898
3569	4470	3898
3569	3898	5059
4469	3897	3568
3897	5057	3568
3897	5056	5057
5056	3250	5057
4468	3567	3897
3567	5056	3897
3400	4468	4469
4468	3897	4469
4467	3896	4468
4467	4468	3400
3896	5055	3567
3896	3567	4468
5051	3243	5055
5051	5055	3896
3565	5051	3896
3565	3896	4467
5060	3895	4470
5060	4470	3569
3895	4467	3400
3895	3400	4470
5052	3565	4467
5052	4467	3895
3246	5052	3895
3246	3895	5060
5046	3894	5033
5046	5033	3234
3894	4465	3556
3894	3556	5033
4466	3399	4465
4466	4465	3894
3562	4466	3894
3562	3894	5046
4465	3893	5034
4465	5034	3556
3893	5054	3237
3893	3237	5034
4464	3566	5054
4464	5054	3893
3399	4464	3893
3399	3893	4465
4463	3892	4464
4463	4464	3399
3892	5053	3566
3892	3566	4464
5052	3246	5053
5052	5053	3892
3565	5052	3892
3565	3892	4463
5045	3891	4466
5045	4466	3562
3891	4463	3399
3891	3399	4466
5051	3565	4463
5051	4463	3891
3243	5051	3891
3243	3891	5045
5049	3890	3241
3890	5019	3241
3890	4461	5019
4461	3549	5019
4462	3398	3890
3398	4461	3890
3564	4462	5049
4462	3890	5049
4461	3889	3549
3889	5020	3549
3889	5037	5020
5037	3236	5020
4460	3558	3889
3558	5037	3889
3398	4460	4461
4460	3889	4461
4459	3888	3398
3888	4460	3398
3888	5038	4460
5038	3558	4460
5048	3245	3888
3245	5038	3888
3563	5048	4459
5048	3888	4459
5050	3887	3564
3887	4462	3564
3887	4459	4462
4459	3398	4462
5047	3563	3887
3563	4459	3887
3248	5047	5050
5047	3887	5050
5042	3886	5005
5042	5005	3238
3886	4457	3542
3886	3542	5005
4458	3397	4457
4458	4457	3886
3560	4458	3886
3560	3886	5042
4457	3885	5006
4457	5006	3542
3885	5046	3234
3885	3234	5006
4456	3562	5046
4456	5046	3885
3397	4456	3885
3397	3885	4457
4455	3884	4456
4455	4456	3397
3884	5045	3562
3884	3562	4456
5044	3243	5045
5044	5045	3884
3561	5044	3884
3561	3884	4455
5041	3883	4458
5041	4458	3560
3883	4455	3397
3883	3397	4458
5043	3561	4455
5043	4455	3883
3247	5043	3883
3247	3883	5041
4992	3882	3238
3882	5042	3238
3882	4453	5042
4453	3560	5042
4454	3396	3882
3396	4453	3882
3535	4454	4992
4454	3882	4992
4453	3881	3560
3881	5041	3560
3881	5040	5041
5040	3247	5041
4452	3559	3881
3559	5040	3881
3396	4452	4453
4452	3881	4453
4451	3880	3396
3880	4452	3396
3880	5039	4452
5039	3559	4452
5038	3245	3880
3245	5039	3880
3558	5038	4451
5038	3880	4451
4991	3879	3535
3879	4454	3535
3879	4451	4454
4451	3396	4454
5037	3558	3879
3558	4451	3879
3236	5037	3879
3236	3879	4991
5035	3878	5034
5035	5034	3237
3878	4449	3556
3878	3556	5034
4450	3395	4449
4450	4449	3878
3557	4450	3878
3557	3878	5035
4449	3877	5033
4449	5033	3556
3877	5007	3234
3877	3234	5033
4448	3543	5007
4448	5007	3877
3395	4448	3877
3395	3877	4449
4447	3876	4448
4447	4448	3395
3876	5008	3543
3876	3543	4448
5029	3225	5008
5029	5008	3876
3554	5029	3876
3554	3876	4447
5036	3875	4450
5036	4450	3557
3875	4447	3395
3875	3395	4450
5030	3554	4447
5030	4447	3875
3228	5030	5036
5030	3875	5036
5004	3874	5023
5004	5023	3242
3874	4445	3551
3874	3551	5023
4446	3394	4445
4446	4445	3874
3541	4446	3874
3541	3874	5004
4445	3873	3551
3873	5024	3551
3873	5032	5024
5032	3231	5024
4444	3555	3873
3555	5032	3873
3394	4444	3873
3394	3873	4445
4443	3872	4444
4443	4444	3394
3872	5031	4444
5031	3555	4444
5030	3228	3872
3228	5031	3872
3554	5030	3872
3554	3872	4443
5003	3871	4446
5003	4446	3541
3871	4443	3394
3871	3394	4446
5029	3554	4443
5029	4443	3871
3225	5029	3871
3225	3871	5003
4998	3870	5028
4998	5028	3341
3870	4441	3553
3870	3553	5028
4442	3393	4441
4442	4441	3870
3538	4442	3870
3538	3870	4998
4441	3869	5027
4441	5027	3553
3869	5026	3338
3869	3338	5027
4440	3552	5026
4440	5026	3869
3393	4440	3869
3393	3869	4441
4439	3868	4440
4439	4440	3393
3868	5025	4440
5025	3552	4440
5024	3231	3868
3231	5025	3868
3551	5024	3868
3551	3868	4439
4997	3867	4442
4997	4442	3538
3867	4439	3393
3867	3393	4442
5023	3551	4439
5023	4439	3867
3242	5023	3867
3242	3867	4997
5021	3866	3239
3866	5015	3239
3866	4437	5015
4437	3547	5015
4438	3392	3866
3392	4437	3866
3550	4438	5021
4438	3866	5021
4437	3865	3547
3865	5016	3547
3865	4989	5016
4989	3227	5016
4436	3534	3865
3534	4989	3865
3392	4436	4437
4436	3865	4437
4435	3864	3392
3864	4436	3392
3864	4990	4436
4990	3534	4436
5020	3236	3864
3236	4990	3864
3549	5020	4435
5020	3864	4435
5022	3863	3550
3863	4438	3550
3863	4435	4438
4435	3392	4438
5019	3549	3863
3549	4435	3863
3241	5019	5022
5019	3863	5022
5017	3862	3240
3862	5009	3240
3862	4433	5009
4433	3544	5009
4434	3391	3862
3391	4433	3862
3548	4434	5017
4434	3862	5017
4433	3861	3544
3861	5010	3544
3861	4983	5010
4983	3230	5010
4432	3531	3861
3531	4983	3861
3391	4432	4433
4432	3861	4433
4431	3860	3391
3860	4432	3391
3860	4984	4432
4984	3531	4432
5016	3227	3860
3227	4984	3860
3547	5016	4431
5016	3860	4431
5018	3859	3548
3859	4434	3548
3859	4431	4434
4431	3391	4434
5015	3547	3859
3547	4431	3859
3239	5015	5018
5015	3859	5018
5013	3858	3335
3858	5012	3335
3858	4429	5012
4429	3545	5012
4430	3390	3858
3390	4429	3858
3546	4430	5013
4430	3858	5013
4429	3857	3545
3857	5011	3545
3857	4975	5011
4975	3336	5011
4428	3527	3857
3527	4975	3857
3390	4428	4429
4428	3857	4429
4427	3856	3390
3856	4428	3390
3856	4976	4428
4976	3527	4428
5010	3230	3856
3230	4976	3856
3544	5010	4427
5010	3856	4427
5014	3855	3546
3855	4430	3546
3855	4427	4430
4427	3390	4430
5009	3544	3855
3544	4427	3855
3240	5009	5014
5009	3855	5014
5007	3854	5006
5007	5006	3234
3854	4425	3542
3854	3542	5006
4426	3389	4425
4426	4425	3854
3543	4426	3854
3543	3854	5007
4425	3853	5005
4425	5005	3542
3853	4993	3238
3853	3238	5005
4424	3536	4993
4424	4993	3853
3389	4424	3853
3389	3853	4425
4423	3852	4424
4423	4424	3389
3852	4994	3536
3852	3536	4424
5001	3229	4994
5001	4994	3852
3540	5001	3852
3540	3852	4423
5008	3851	4426
5008	4426	3543
3851	4423	3389
3851	3389	4426
5002	3540	4423
5002	4423	3851
3225	5002	3851
3225	3851	5008
4988	3850	3232
3850	4995	3232
3850	4421	3537
3850	3537	4995
4422	3388	4421
4422	4421	3850
3533	4422	4988
4422	3850	4988
4421	3849	4996
4421	4996	3537
3849	5004	3242
3849	3242	4996
4420	3541	5004
4420	5004	3849
3388	4420	3849
3388	3849	4421
4419	3848	4420
4419	4420	3388
3848	5003	3541
3848	3541	4420
5002	3225	5003
5002	5003	3848
3540	5002	3848
3540	3848	4419
4987	3847	3533
3847	4422	3533
3847	4419	3388
3847	3388	4422
5001	3540	4419
5001	4419	3847
3229	5001	3847
3229	3847	4987
4980	3846	3337
3846	5000	3337
3846	4417	5000
4417	3539	5000
4418	3387	4417
4418	4417	3846
3529	4418	4980
4418	3846	4980
4417	3845	4999
4417	4999	3539
3845	4998	3341
3845	3341	4999
4416	3538	4998
4416	4998	3845
3387	4416	3845
3387	3845	4417
4415	3844	4416
4415	4416	3387
3844	4997	3538
3844	3538	4416
4996	3242	4997
4996	4997	3844
3537	4996	3844
3537	3844	4415
4979	3843	3529
3843	4418	3529
3843	4415	3387
3843	3387	4418
4995	3537	4415
4995	4415	3843
3232	4995	4979
4995	3843	4979
4986	3842	4994
4986	4994	3229
3842	4413	4994
4413	3536	4994
4414	3386	4413
4414	4413	3842
3532	4414	3842
3532	3842	4986
4413	3841	3536
3841	4993	3536
3841	4992	4993
4992	3238	4993
4412	3535	3841
3535	4992	3841
3386	4412	4413
4412	3841	4413
4411	3840	4412
4411	4412	3386
3840	4991	4412
4991	3535	4412
4990	3236	4991
4990	4991	3840
3534	4990	3840
3534	3840	4411
4985	3839	4414
4985	4414	3532
3839	4411	3386
3839	3386	4414
4989	3534	4411
4989	4411	3839
3227	4989	3839
3227	3839	4985
4978	3838	4988
4978	4988	3232
3838	4409	3533
3838	3533	4988
4410	3385	4409
4410	4409	3838
3528	4410	3838
3528	3838	4978
4409	3837	4987
4409	4987	3533
3837	4986	3229
3837	3229	4987
4408	3532	4986
4408	4986	3837
3385	4408	3837
3385	3837	4409
4407	3836	4408
4407	4408	3385
3836	4985	3532
3836	3532	4408
4984	3227	4985
4984	4985	3836
3531	4984	3836
3531	3836	4407
4977	3835	4410
4977	4410	3528
3835	4407	3385
3835	3385	4410
4983	3531	4407
4983	4407	3835
3230	4983	3835
3230	3835	4977
4981	3834	4980
4981	4980	3337
3834	4405	3529
3834	3529	4980
4406	3384	4405
4406	4405	3834
3530	4406	3834
3530	3834	4981
4405	3833	4979
4405	4979	3529
3833	4978	3232
3833	3232	4979
4404	3528	4978
4404	4978	3833
3384	4404	3833
3384	3833	4405
4403	3832	4404
4403	4404	3384
3832	4977	3528
3832	3528	4404
4976	3230	4977
4976	4977	3832
3527	4976	3832
3527	3832	4403
4982	3831	4406
4982	4406	3530
3831	4403	3384
3831	3384	4406
4975	3527	4403
4975	4403	3831
3336	4975	3831
3336	3831	4982
3333	5340	5585
5340	5612	5585
3333	5585	5627
3333	5627	5333
3706	5333	5605
5333	5627	5605
3706	5605	5628
3709	5612	5340
5232	5610	5589
3678	5616	5278
3678	5277	5599
3678	5599	5616
3289	5615	5277
5615	5599	5277
3289	5284	5588
3289	5588	5615
3681	5618	5284
5618	5588	5284
3681	5283	5600
3681	5600	5618
3317	5617	5283
5617	5600	5283
3317	5330	5593
3317	5593	5617
3704	5620	5330
5620	5593	5330
3704	5329	5601
3704	5601	5620
3328	5619	5329
5619	5601	5329
3328	5574	5590
3328	5590	5619
3826	5630	5574
5630	5590	5574
3826	5573	5606
3826	5606	5630
3340	5629	5573
5629	5606	5573
3340	5344	5592
3340	5592	5629
3711	5614	5344
5614	5592	5344
3711	5343	5598
3711	5598	5614
3334	5613	5343
5613	5598	5343
3334	5334	5586
3334	5586	5613
3706	5628	5334
5628	5586	5334
5587	3288	5616
5616	3288	5278
3288	5587	5231
5231	5587	5609
3655	5609	5596
3655	5231	5609
3655	5596	5232
5232	5596	5610
3290	5589	5623
3290	5232	5589
3290	5623	5301
5301	5623	5603
3690	5603	5624
3690	5301	5603
3690	5624	5302
5302	5624	5594
3319	5594	5621
3319	5302	5594
3319	5621	5315
5315	5621	5602
3697	5602	5622
3697	5315	5602
3697	5622	5316
5316	5622	5583
3324	5583	5607
3324	5316	5583
3324	5607	5563
5563	5607	5595
3821	5595	5608
3821	5563	5595
3821	5608	5564
5564	5608	5584
3332	5584	5625
3332	5564	5584
3332	5625	5347
5347	5625	5604
3713	5604	5626
3713	5347	5604
3713	5626	5348
5348	5626	5591
3339	5591	5611
3339	5348	5591
3339	5611	5339
5339	5611	5597
3709	5597	5612
3709	5339	5597
5639	5647	5290
5639	5290	3684
3684	5289	5646
3684	5646	5639
3298	5634	5289
5634	5646	5289
3298	5286	5645
3298	5645	5634
3299	5290	5647
3299	5647	5635
3682	5638	5286
5638	5645	5286
3682	5285	5644
3682	5644	5638
3299	5635	5227
5635	5654	5227
3653	5227	5654
3653	5654	5643
3653	5643	5228
5643	5655	5228
3309	5228	5655
3309	5655	5637
3309	5637	5223
5637	5652	5223
3651	5223	5652
3651	5652	5642
3651	5642	5224
5642	5653	5224
3300	5224	5636
5224	5653	5636
3300	5636	5650
3300	5650	5217
3648	5217	5641
5217	5650	5641
3648	5641	5651
3648	5651	5218
3296	5218	5632
5218	5651	5632
3297	5633	5285
5633	5644	5285
3297	5208	5649
3297	5649	5633
3643	5640	5208
5640	5649	5208
3643	5207	5648
3643	5648	5640
3296	5632	5207
5632	5648	5207
