53
54
54
51
61
17
59
46
45
18
27
49
17
46
45
48
63
4
5
4
60
55
33
50
59
52
61
45
19
45
1
3
1
7
6
58
56
18
78
55
57
20
28
35
22
64
2
50
49
77
79
80
1
3
1
2
4
5
4
7
6
9
10
11
12
13
14
17
18
17
18
20
19
22
23
23
24
27
31
30
28
29
35
38
39
37
33
1
2
3
4
5
6
7
8
9
10
11
12
13
14
15
16
17
18
19
20
21
22
23
24
25
26
27
28
29
30
31
32
33
34
35
36
37
38
39
40
41
42
43
44
45
46
47
48
49
50
51
52
53
54
55
56
57
58
59
60
61
62
63
64
65
66
67
68
69
70
71
72
73
74
75
76
77
78
79
80
81
82
83
84
85
86
87
88
89
90
91
92
93
94
95
96
47
1
14
1
2
2
13
71
3
3
84
4
11
4
85
5
9
6
6
6
69
7
7
15
8
9
11
10
10
11
11
12
12
15
14
14
14
15
16
79
17
17
17
18
18
25
18
19
19
19
77
20
20
95
21
22
22
22
23
23
26
25
24
29
30
27
29
27
28
28
28
29
29
30
30
31
31
32
33
33
33
72
37
35
35
35
36
36
37
37
38
38
39
39
40
41
42
42
45
46
45
45
46
46
46
47
70
48
82
48
49
49
49
50
72
50
51
73
51
52
74
53
75
96
54
54
55
55
89
56
56
56
58
57
58
58
59
59
59
60
60
61
61
61
62
63
63
68
64
65
65
66
66
67
67
68
70
72
76
73
74
75
77
77
78
78
79
79
80
80
94
83
84
84
86
87
89
89
90
91
92
94
94
1
1
1
1
2
2
2
2
3
3
3
3
4
4
4
4
5
5
5
5
6
6
6
6
7
7
7
7
8
8
8
8
9
9
9
9
10
10
10
10
11
11
11
11
12
12
12
12
13
13
13
13
14
14
14
14
15
15
15
15
16
16
16
16
17
17
17
17
18
18
18
18
19
19
19
19
20
20
20
20
21
21
21
21
22
22
22
22
23
23
23
23
24
24
24
24
25
25
25
25
26
26
26
26
27
27
27
27
28
28
28
28
29
29
29
29
30
30
30
30
31
31
31
31
32
32
32
32
33
33
33
33
34
34
34
34
35
35
35
35
36
36
36
36
37
37
37
37
38
38
38
38
39
39
39
39
40
40
40
40
41
41
41
41
42
42
42
42
43
43
43
43
44
44
44
44
45
45
45
45
46
46
46
46
47
47
47
47
48
48
48
48
49
49
49
49
50
50
50
50
51
51
51
51
52
52
52
52
53
53
53
53
54
54
54
54
55
55
55
55
56
56
56
56
57
57
57
57
58
58
58
58
59
59
59
59
60
60
60
60
61
61
61
61
62
62
62
62
63
63
63
63
64
64
64
64
65
65
65
65
66
66
66
66
67
67
67
67
68
68
68
68
69
69
69
69
70
70
70
70
71
71
71
71
72
72
72
72
73
73
73
73
74
74
74
74
75
75
75
75
76
76
76
76
77
77
77
77
78
78
78
78
79
79
79
79
80
80
80
80
81
81
81
81
82
82
82
82
83
83
83
83
84
84
84
84
85
85
85
85
86
86
86
86
87
87
87
87
88
88
88
88
89
89
89
89
90
90
90
90
91
91
91
91
92
92
92
92
93
93
93
93
94
94
94
94
95
95
95
95
96
96
96
96
1
1
1
1
2
2
2
2
3
3
3
3
4
4
4
4
5
5
5
5
6
6
6
6
7
7
7
7
8
8
8
8
9
9
9
9
10
10
10
10
11
11
11
11
12
12
12
12
13
13
13
13
14
14
14
14
15
15
15
15
16
16
16
16
17
17
17
17
18
18
18
18
19
19
19
19
20
20
20
20
21
21
21
21
22
22
22
22
23
23
23
23
24
24
24
24
25
25
25
25
26
26
26
26
27
27
27
27
28
28
28
28
29
29
29
29
30
30
30
30
31
31
31
31
32
32
32
32
33
33
33
33
34
34
34
34
35
35
35
35
36
36
36
36
37
37
37
37
38
38
38
38
39
39
39
39
40
40
40
40
41
41
41
41
42
42
42
42
43
43
43
43
44
44
44
44
45
45
45
45
46
46
46
46
47
47
47
47
48
48
48
48
49
49
49
49
50
50
50
50
51
51
51
51
52
52
52
52
53
53
53
53
54
54
54
54
55
55
55
55
56
56
56
56
57
57
57
57
58
58
58
58
59
59
59
59
60
60
60
60
61
61
61
61
62
62
62
62
63
63
63
63
64
64
64
64
65
65
65
65
66
66
66
66
67
67
67
67
68
68
68
68
69
69
69
69
70
70
70
70
71
71
71
71
72
72
72
72
73
73
73
73
74
74
74
74
75
75
75
75
76
76
76
76
77
77
77
77
78
78
78
78
79
79
79
79
80
80
80
80
81
81
81
81
82
82
82
82
83
83
83
83
84
84
84
84
85
85
85
85
86
86
86
86
87
87
87
87
88
88
88
88
89
89
89
89
90
90
90
90
91
91
91
91
92
92
92
92
93
93
93
93
94
94
94
94
95
95
95
95
96
96
96
96
47
1
1
1
14
1
1
1
2
2
2
3
13
2
71
3
3
3
3
3
84
4
4
4
11
11
4
4
85
5
6
5
9
5
6
6
6
6
6
6
69
7
7
7
7
7
15
8
8
83
9
10
11
11
10
10
10
10
11
11
11
11
12
12
12
12
15
15
13
14
14
14
14
14
15
15
16
16
79
17
17
17
23
17
17
17
18
18
18
19
25
25
18
18
19
19
19
19
19
19
77
20
20
20
20
20
95
21
24
21
22
22
22
22
22
22
23
23
23
23
23
23
24
25
24
24
29
25
30
30
33
27
29
29
27
74
28
28
28
28
28
28
29
29
29
29
30
30
30
30
31
31
31
31
32
32
33
33
33
33
41
41
72
34
37
37
35
35
35
35
35
35
36
36
36
59
37
37
37
37
38
38
38
38
39
39
39
39
40
40
41
41
42
42
42
42
45
45
46
46
45
45
45
45
46
58
80
80
46
46
47
47
47
47
48
48
48
48
48
48
49
49
49
49
49
49
50
50
72
72
50
50
51
51
73
73
51
51
52
52
74
74
53
53
75
75
54
54
54
54
54
54
55
55
55
55
89
89
56
56
56
56
56
56
58
58
57
57
58
80
58
58
59
59
59
59
59
59
69
60
60
60
61
61
61
61
61
61
62
62
63
63
63
63
64
68
64
64
65
65
65
65
66
66
66
66
67
67
67
67
68
68
70
70
72
72
72
72
73
73
74
74
75
75
77
77
77
77
78
78
95
95
79
79
79
79
80
80
80
80
94
94
83
82
83
83
84
84
86
86
87
87
89
89
89
89
90
90
91
91
92
92
94
94
95
94
1
3
1
2
4
4
5
6
7
9
10
11
12
13
14
18
20
17
17
21
19
22
24
23
23
27
31
30
28
29
35
38
39
37
33
1
2
3
4
5
6
7
8
9
10
11
12
13
14
16
15
20
21
18
22
26
23
25
24
19
27
28
29
30
32
31
33
34
36
35
37
38
39
40
41
42
43
44
17
1
14
1
2
2
13
3
4
11
4
5
5
9
6
7
7
15
11
9
10
10
11
11
12
12
14
15
14
14
15
16
22
26
17
17
21
18
18
18
22
22
30
23
23
23
23
24
29
25
24
19
29
27
28
28
29
29
30
30
31
32
31
41
33
37
35
36
35
37
37
38
38
39
39
40
41
42
42
1
1
1
1
2
2
2
2
3
3
3
3
4
4
4
4
5
5
5
5
6
6
6
6
7
7
7
7
8
8
8
8
9
9
9
9
10
10
10
10
11
11
11
11
12
12
12
12
13
13
13
13
14
14
14
14
16
16
16
16
15
15
15
15
20
20
20
20
21
21
21
21
18
18
18
18
22
22
22
22
26
26
26
26
23
23
23
23
25
25
25
25
24
24
24
24
19
19
19
19
27
27
27
27
28
28
28
28
29
29
29
29
30
30
30
30
32
32
32
32
31
31
31
31
33
33
33
33
34
34
34
34
36
36
36
36
35
35
35
35
37
37
37
37
38
38
38
38
39
39
39
39
40
40
40
40
41
41
41
41
42
42
42
42
43
43
43
43
44
44
44
44
17
17
17
17
1
1
1
1
2
2
2
2
3
3
3
3
4
4
4
4
5
5
5
5
6
6
6
6
7
7
7
7
8
8
8
8
9
9
9
9
10
10
10
10
11
11
11
11
12
12
12
12
13
13
13
13
14
14
14
14
16
16
16
16
15
15
15
15
20
20
20
20
21
21
21
21
18
18
18
18
22
22
22
22
26
26
26
26
23
23
23
23
25
25
25
25
24
24
24
24
19
19
19
19
27
27
27
27
28
28
28
28
29
29
29
29
30
30
30
30
32
32
32
32
31
31
31
31
33
33
33
33
34
34
34
34
36
36
36
36
35
35
35
35
37
37
37
37
38
38
38
38
39
39
39
39
40
40
40
40
41
41
41
41
42
42
42
42
43
43
43
43
44
44
44
44
17
17
17
17
1
1
1
14
1
1
2
2
2
2
13
3
3
3
4
4
11
11
4
4
5
5
5
5
9
6
7
6
7
7
7
7
15
15
9
11
10
9
10
10
10
10
11
11
11
11
12
12
12
12
14
14
15
15
14
14
14
14
15
15
16
16
22
20
26
20
17
17
17
17
21
24
18
18
25
25
18
18
22
22
22
22
26
30
23
23
23
23
23
23
23
23
24
24
25
29
19
25
24
24
19
19
29
29
27
27
28
28
28
28
29
29
29
29
30
30
30
30
31
31
32
32
31
31
41
41
33
33
37
34
35
35
36
36
35
35
37
37
37
37
38
38
38
38
39
39
39
39
40
40
41
41
42
42
42
42
102
111
97
114
97
152
98
102
110
98
111
98
98
103
97
97
112
107
106
113
103
111
103
106
107
103
155
117
119
121
117
121
125
125
128
127
130
131
133
133
135
137
135
139
141
143
145
147
151
161
164
97
98
99
100
101
102
103
104
105
106
107
108
109
110
111
112
113
114
115
116
117
118
119
120
121
122
123
124
125
126
127
128
129
130
131
132
133
134
135
136
137
138
139
140
141
142
143
144
145
146
147
148
149
150
151
152
153
154
155
156
157
158
159
160
161
162
163
164
165
166
167
97
162
109
97
98
98
105
98
99
104
100
100
101
108
102
102
103
103
103
103
104
104
120
106
106
106
145
107
107
108
108
110
110
111
111
111
111
112
112
113
113
114
114
115
115
120
117
117
118
118
120
119
120
123
122
165
122
167
123
125
125
125
126
126
127
127
128
128
129
159
130
152
131
151
133
133
153
134
151
135
136
135
136
136
137
137
138
139
140
142
144
141
142
143
143
146
145
145
146
147
147
148
149
150
151
151
152
152
153
154
156
166
160
156
157
160
161
162
163
166
164
167
166
97
97
97
97
98
98
98
98
99
99
99
99
100
100
100
100
101
101
101
101
102
102
102
102
103
103
103
103
104
104
104
104
105
105
105
105
106
106
106
106
107
107
107
107
108
108
108
108
109
109
109
109
110
110
110
110
111
111
111
111
112
112
112
112
113
113
113
113
114
114
114
114
115
115
115
115
116
116
116
116
117
117
117
117
118
118
118
118
119
119
119
119
120
120
120
120
121
121
121
121
122
122
122
122
123
123
123
123
124
124
124
124
125
125
125
125
126
126
126
126
127
127
127
127
128
128
128
128
129
129
129
129
130
130
130
130
131
131
131
131
132
132
132
132
133
133
133
133
134
134
134
134
135
135
135
135
136
136
136
136
137
137
137
137
138
138
138
138
139
139
139
139
140
140
140
140
141
141
141
141
142
142
142
142
143
143
143
143
144
144
144
144
145
145
145
145
146
146
146
146
147
147
147
147
148
148
148
148
149
149
149
149
150
150
150
150
151
151
151
151
152
152
152
152
153
153
153
153
154
154
154
154
155
155
155
155
156
156
156
156
157
157
157
157
158
158
158
158
159
159
159
159
160
160
160
160
161
161
161
161
162
162
162
162
163
163
163
163
164
164
164
164
165
165
165
165
166
166
166
166
167
167
167
167
97
97
97
97
98
98
98
98
99
99
99
99
100
100
100
100
101
101
101
101
102
102
102
102
103
103
103
103
104
104
104
104
105
105
105
105
106
106
106
106
107
107
107
107
108
108
108
108
109
109
109
109
110
110
110
110
111
111
111
111
112
112
112
112
113
113
113
113
114
114
114
114
115
115
115
115
116
116
116
116
117
117
117
117
118
118
118
118
119
119
119
119
120
120
120
120
121
121
121
121
122
122
122
122
123
123
123
123
124
124
124
124
125
125
125
125
126
126
126
126
127
127
127
127
128
128
128
128
129
129
129
129
130
130
130
130
131
131
131
131
132
132
132
132
133
133
133
133
134
134
134
134
135
135
135
135
136
136
136
136
137
137
137
137
138
138
138
138
139
139
139
139
140
140
140
140
141
141
141
141
142
142
142
142
143
143
143
143
144
144
144
144
145
145
145
145
146
146
146
146
147
147
147
147
148
148
148
148
149
149
149
149
150
150
150
150
151
151
151
151
152
152
152
152
153
153
153
153
154
154
154
154
155
155
155
155
156
156
156
156
157
157
157
157
158
158
158
158
159
159
159
159
160
160
160
160
161
161
161
161
162
162
162
162
163
163
163
163
164
164
164
164
165
165
165
165
166
166
166
166
167
167
167
167
97
97
162
97
109
109
97
97
98
98
98
98
105
105
98
98
99
99
104
104
100
100
100
100
101
101
108
102
102
102
102
149
103
103
103
103
103
103
103
103
104
104
104
104
105
105
106
106
106
106
106
106
145
145
107
107
114
114
108
108
108
108
110
110
166
110
111
111
111
111
111
111
111
111
112
112
112
112
113
114
113
113
114
114
114
114
115
115
115
115
120
120
117
117
159
159
118
118
118
118
120
120
119
119
120
120
121
121
121
121
121
165
122
122
167
167
123
124
125
125
125
125
125
125
126
161
126
126
150
127
127
161
128
128
128
128
129
129
130
130
130
130
131
152
131
131
151
151
133
133
133
133
153
133
134
134
151
151
135
135
136
136
135
135
136
136
136
136
137
137
137
137
138
138
139
139
139
139
142
140
144
141
141
141
142
143
144
144
143
143
144
144
145
145
145
145
146
146
147
147
147
157
148
148
149
149
150
150
151
152
153
151
152
152
152
152
153
153
154
154
156
155
166
166
156
156
164
156
157
157
159
160
161
161
162
161
162
162
166
166
164
164
165
167
166
166
51
59
45
73
45
55
72
50
59
52
61
45
74
45
56
55
57
50
53
61
46
75
46
58
78
78
77
79
80
61
59
59
61
102
97
114
97
102
111
98
98
103
97
97
112
107
106
113
137
139
135
141
103
104
103
104
106
108
107
103
146
144
101
48
63
48
100
48
63
121
101
82
66
66
67
84
83
67
84
110
156
165
110
121
84
48
100
100
101
69
122
122
64
64
70
115
70
115
115
70
115
47
119
65
60
60
105
47
49
54
54
54
49
47
49
96
49
133
111
151
153
135
111
153
160
98
98
156
118
155
121
164
121
117
119
117
152
133
133
131
130
128
125
125
102
127
77
79
102
135
135
137
139
141
145
143
147
147
161
87
88
45
50
51
52
55
56
57
72
73
74
46
53
58
75
78
80
81
59
60
61
62
98
99
97
168
169
170
171
103
104
105
106
107
108
109
111
112
113
114
172
173
174
175
176
82
83
84
85
48
100
101
177
110
178
179
180
63
64
66
67
68
181
71
116
182
70
115
183
65
69
86
49
54
76
154
164
166
165
167
121
122
123
124
117
118
119
120
160
156
155
133
134
151
152
159
153
128
129
125
126
130
102
127
184
77
79
135
136
137
138
139
140
141
142
143
144
145
146
147
148
89
90
91
92
93
94
95
185
186
149
150
47
187
158
157
96
163
161
162
132
131
55
87
50
86
56
45
51
45
45
45
50
72
49
51
51
52
52
55
54
89
56
56
58
57
73
72
76
73
73
74
74
46
46
46
53
53
58
58
75
75
78
95
78
80
80
94
60
59
59
59
69
60
89
61
61
61
61
62
62
98
98
98
98
99
97
99
97
162
97
168
168
187
169
137
170
139
171
141
103
103
103
103
104
104
104
120
105
106
106
106
107
107
114
102
108
108
162
109
111
111
111
111
112
112
114
113
114
114
172
144
173
173
174
176
176
82
82
66
82
177
84
83
84
84
84
67
85
85
48
71
48
100
101
100
100
101
178
101
181
177
110
154
166
179
167
179
122
180
68
63
63
63
68
64
64
66
66
67
67
68
116
71
181
71
71
116
115
115
182
182
70
70
115
115
69
124
96
65
65
86
54
49
49
76
54
96
76
47
155
153
154
165
164
164
164
166
166
121
165
165
122
121
121
121
122
119
124
123
120
117
117
159
118
118
118
120
119
160
156
159
155
156
152
133
133
153
133
134
151
151
151
151
152
159
159
153
125
128
128
126
129
125
125
161
130
163
102
102
127
127
184
77
79
77
79
95
79
135
135
158
136
136
137
137
138
139
139
140
141
142
142
143
143
144
145
145
146
146
147
147
147
158
89
89
90
91
92
93
94
95
185
149
149
163
47
47
187
157
157
96
162
161
161
131
87
87
87
87
88
88
88
88
45
45
45
45
50
50
50
50
51
51
51
51
52
52
52
52
55
55
55
55
56
56
56
56
57
57
57
57
72
72
72
72
73
73
73
73
74
74
74
74
46
46
46
46
53
53
53
53
58
58
58
58
75
75
75
75
78
78
78
78
80
80
80
80
81
81
81
81
59
59
59
59
60
60
60
60
61
61
61
61
62
62
62
62
98
98
98
98
99
99
99
99
97
97
97
97
168
168
168
168
169
169
169
169
170
170
170
170
171
171
171
171
103
103
103
103
104
104
104
104
105
105
105
105
106
106
106
106
107
107
107
107
108
108
108
108
109
109
109
109
111
111
111
111
112
112
112
112
113
113
113
113
114
114
114
114
172
172
172
172
173
173
173
173
174
174
174
174
175
175
175
175
176
176
176
176
82
82
82
82
83
83
83
83
84
84
84
84
85
85
85
85
48
48
48
48
100
100
100
100
101
101
101
101
177
177
177
177
110
110
110
110
178
178
178
178
179
179
179
179
180
180
180
180
63
63
63
63
64
64
64
64
66
66
66
66
67
67
67
67
68
68
68
68
181
181
181
181
71
71
71
71
116
116
116
116
182
182
182
182
70
70
70
70
115
115
115
115
183
183
183
183
65
65
65
65
69
69
69
69
86
86
86
86
49
49
49
49
54
54
54
54
76
76
76
76
154
154
154
154
164
164
164
164
166
166
166
166
165
165
165
165
167
167
167
167
121
121
121
121
122
122
122
122
123
123
123
123
124
124
124
124
117
117
117
117
118
118
118
118
119
119
119
119
120
120
120
120
160
160
160
160
156
156
156
156
155
155
155
155
133
133
133
133
134
134
134
134
151
151
151
151
152
152
152
152
159
159
159
159
153
153
153
153
128
128
128
128
129
129
129
129
125
125
125
125
126
126
126
126
130
130
130
130
102
102
102
102
127
127
127
127
184
184
184
184
77
77
77
77
79
79
79
79
135
135
135
135
136
136
136
136
137
137
137
137
138
138
138
138
139
139
139
139
140
140
140
140
141
141
141
141
142
142
142
142
143
143
143
143
144
144
144
144
145
145
145
145
146
146
146
146
147
147
147
147
148
148
148
148
89
89
89
89
90
90
90
90
91
91
91
91
92
92
92
92
93
93
93
93
94
94
94
94
95
95
95
95
185
185
185
185
186
186
186
186
149
149
149
149
150
150
150
150
47
47
47
47
187
187
187
187
158
158
158
158
157
157
157
157
96
96
96
96
163
163
163
163
161
161
161
161
162
162
162
162
132
132
132
132
131
131
131
131
87
87
87
87
88
88
88
88
45
45
45
45
50
50
50
50
51
51
51
51
52
52
52
52
55
55
55
55
56
56
56
56
57
57
57
57
72
72
72
72
73
73
73
73
74
74
74
74
46
46
46
46
53
53
53
53
58
58
58
58
75
75
75
75
78
78
78
78
80
80
80
80
81
81
81
81
59
59
59
59
60
60
60
60
61
61
61
61
62
62
62
62
98
98
98
98
99
99
99
99
97
97
97
97
168
168
168
168
169
169
169
169
170
170
170
170
171
171
171
171
103
103
103
103
104
104
104
104
105
105
105
105
106
106
106
106
107
107
107
107
108
108
108
108
109
109
109
109
111
111
111
111
112
112
112
112
113
113
113
113
114
114
114
114
172
172
172
172
173
173
173
173
174
174
174
174
175
175
175
175
176
176
176
176
82
82
82
82
83
83
83
83
84
84
84
84
85
85
85
85
48
48
48
48
100
100
100
100
101
101
101
101
177
177
177
177
110
110
110
110
178
178
178
178
179
179
179
179
180
180
180
180
63
63
63
63
64
64
64
64
66
66
66
66
67
67
67
67
68
68
68
68
181
181
181
181
71
71
71
71
116
116
116
116
182
182
182
182
70
70
70
70
115
115
115
115
183
183
183
183
65
65
65
65
69
69
69
69
86
86
86
86
49
49
49
49
54
54
54
54
76
76
76
76
154
154
154
154
164
164
164
164
166
166
166
166
165
165
165
165
167
167
167
167
121
121
121
121
122
122
122
122
123
123
123
123
124
124
124
124
117
117
117
117
118
118
118
118
119
119
119
119
120
120
120
120
160
160
160
160
156
156
156
156
155
155
155
155
133
133
133
133
134
134
134
134
151
151
151
151
152
152
152
152
159
159
159
159
153
153
153
153
128
128
128
128
129
129
129
129
125
125
125
125
126
126
126
126
130
130
130
130
102
102
102
102
127
127
127
127
184
184
184
184
77
77
77
77
79
79
79
79
135
135
135
135
136
136
136
136
137
137
137
137
138
138
138
138
139
139
139
139
140
140
140
140
141
141
141
141
142
142
142
142
143
143
143
143
144
144
144
144
145
145
145
145
146
146
146
146
147
147
147
147
148
148
148
148
89
89
89
89
90
90
90
90
91
91
91
91
92
92
92
92
93
93
93
93
94
94
94
94
95
95
95
95
185
185
185
185
186
186
186
186
149
149
149
149
150
150
150
150
47
47
47
47
187
187
187
187
158
158
158
158
157
157
157
157
96
96
96
96
163
163
163
163
161
161
161
161
162
162
162
162
132
132
132
132
131
131
131
131
55
55
87
87
50
50
86
86
56
56
45
45
51
51
45
45
46
46
45
45
50
50
50
50
49
49
51
51
51
51
52
52
52
52
55
55
54
54
89
89
56
56
56
56
57
57
57
57
72
72
72
72
72
72
73
73
73
73
74
74
74
74
46
58
80
46
46
46
53
53
53
53
58
80
58
58
75
75
75
75
78
78
95
95
78
78
80
80
80
80
94
94
60
60
59
59
59
59
59
59
69
60
60
60
60
89
61
61
61
61
61
61
61
61
62
62
62
62
98
98
98
98
105
105
98
98
99
99
97
97
99
99
97
97
162
162
97
97
168
168
168
168
168
168
169
169
137
137
170
170
139
139
171
171
141
141
103
103
103
103
103
103
103
103
105
105
104
104
104
104
120
105
105
105
106
106
106
106
106
106
107
107
107
107
114
114
102
102
108
108
108
108
162
162
109
109
111
111
111
111
111
111
111
111
112
112
112
112
113
114
113
113
114
114
114
114
172
172
144
144
173
173
173
173
174
174
176
176
176
176
82
82
82
82
66
66
48
82
177
177
83
83
83
83
84
84
84
84
84
84
67
67
85
85
179
179
48
48
48
71
48
48
100
100
100
100
100
177
100
100
101
101
101
101
101
101
177
177
177
177
110
110
154
110
110
166
178
178
167
179
179
179
122
180
180
180
68
68
63
63
63
63
63
63
68
68
64
64
64
64
66
66
66
66
67
67
67
67
68
68
116
116
71
71
181
181
71
71
70
70
116
116
116
115
182
115
70
70
182
182
70
70
47
47
115
115
115
115
69
69
124
183
96
65
65
65
65
65
86
86
54
54
49
49
49
49
49
49
54
54
54
54
76
76
47
47
155
155
153
153
154
154
164
165
166
164
156
164
164
164
166
166
155
166
121
121
165
165
165
165
122
122
121
121
121
121
121
121
122
124
119
119
124
124
123
123
120
120
120
117
117
117
159
159
118
118
118
118
118
118
120
120
119
119
160
160
156
160
159
159
156
155
156
156
152
155
133
133
133
133
133
133
133
133
134
134
151
151
151
151
151
151
153
151
152
131
152
152
159
159
153
153
125
125
128
128
128
128
126
126
129
129
125
125
125
125
161
126
130
130
163
163
102
102
102
102
127
127
127
161
184
184
77
77
79
77
77
77
79
79
79
95
79
79
135
135
135
135
158
158
136
136
136
136
137
137
137
137
138
138
139
139
139
139
140
142
141
141
142
142
143
143
143
143
143
143
144
144
145
145
145
145
146
146
146
146
147
147
147
147
147
147
158
148
89
89
89
89
90
90
91
91
92
92
94
94
94
94
95
95
185
185
149
149
149
149
163
163
47
47
47
47
187
187
157
157
157
157
96
96
163
163
161
161
161
161
131
131
47
47
49
54
48
63
48
65
49
96
64
70
47
48
49
54
63
64
65
70
71
76
86
96
47
47
48
48
49
49
54
54
63
63
64
64
65
65
70
70
71
71
76
76
86
86
96
96
0
82
66
66
67
83
84
66
67
82
83
84
85
66
66
67
67
82
82
83
83
84
84
85
85
0
101
133
115
100
100
153
110
153
115
147
100
101
110
115
116
133
147
153
154
157
100
100
101
101
110
110
115
115
116
116
133
133
147
147
153
153
154
154
157
157
0
160
119
121
156
164
156
118
121
118
119
121
123
156
160
164
165
118
118
119
119
121
121
123
123
156
156
160
160
164
164
165
165
0
1
3
27
19
33
1
18
4
4
20
28
17
17
35
22
5
18
6
7
2
8
4
20
36
35
22
28
115
116
1
5
6
7
21
18
19
27
33
34
17
8
8
101
101
20
20
36
36
35
35
22
22
28
28
2
115
3
116
1
1
5
5
6
6
7
7
21
21
18
18
19
19
27
27
33
33
34
34
149
149