168	6813	6915	12464	12421	6994	6676	12465	12388	6812	6918	12466	12422	6995	6684	12467	12389	9	0	0	0	0	0	0	0.5
168	6813	6915	12464	12421	6994	6676	12465	12388	6812	6918	12466	12422	6995	6684	12467	12389	9	0	0.5	0	0	0.25	0	0.5
168	6813	6915	12464	12421	6994	6676	12465	12388	6812	6918	12466	12422	6995	6684	12467	12389	12	0	1	0	0	0.5	0	0.5
168	6813	6915	12464	12421	6994	6676	12465	12388	6812	6918	12466	12422	6995	6684	12467	12389	0	0.5	0	0	0.25	0	0	0.5
168	6813	6915	12464	12421	6994	6676	12465	12388	6812	6918	12466	12422	6995	6684	12467	12389	0	0.5	0.5	0	0.25	0.25	0	0.5
168	6813	6915	12464	12421	6994	6676	12465	12388	6812	6918	12466	12422	6995	6684	12467	12389	0	0.5	1	0	0.25	0.5	0	0.5
168	6813	6915	12464	12421	6994	6676	12465	12388	6812	6918	12466	12422	6995	6684	12467	12389	3	1	0	0	0.5	0	0	0.5
168	6813	6915	12464	12421	6994	6676	12465	12388	6812	6918	12466	12422	6995	6684	12467	12389	6	1	0.5	0	0.5	0.25	0	0.5
168	6813	6915	12464	12421	6994	6676	12465	12388	6812	6918	12466	12422	6995	6684	12467	12389	6	1	1	0	0.5	0.5	0	0.5
168	6994	6676	12465	12388	6812	6918	12466	12422	6995	6684	12467	12389	6787	6837	12468	12413	12	0	0.5	0	0	0.75	0	0.5
168	6994	6676	12465	12388	6812	6918	12466	12422	6995	6684	12467	12389	6787	6837	12468	12413	12	0	1	0	0	1	0	0.5
168	6994	6676	12465	12388	6812	6918	12466	12422	6995	6684	12467	12389	6787	6837	12468	12413	0	0.5	0.5	0	0.25	0.75	0	0.5
168	6994	6676	12465	12388	6812	6918	12466	12422	6995	6684	12467	12389	6787	6837	12468	12413	0	0.5	1	0	0.25	1	0	0.5
168	6994	6676	12465	12388	6812	6918	12466	12422	6995	6684	12467	12389	6787	6837	12468	12413	6	1	0.5	0	0.5	0.75	0	0.5
168	6994	6676	12465	12388	6812	6918	12466	12422	6995	6684	12467	12389	6787	6837	12468	12413	6	1	1	0	0.5	1	0	0.5
168	6915	12464	12421	8910	6676	12465	12388	9020	6918	12466	12422	8908	6684	12467	12389	9022	0	0.5	0	0	0.75	0	0	0.5
168	6915	12464	12421	8910	6676	12465	12388	9020	6918	12466	12422	8908	6684	12467	12389	9022	0	0.5	0.5	0	0.75	0.25	0	0.5
168	6915	12464	12421	8910	6676	12465	12388	9020	6918	12466	12422	8908	6684	12467	12389	9022	0	0.5	1	0	0.75	0.5	0	0.5
168	6915	12464	12421	8910	6676	12465	12388	9020	6918	12466	12422	8908	6684	12467	12389	9022	3	1	0	0	1	0	0	0.5
168	6915	12464	12421	8910	6676	12465	12388	9020	6918	12466	12422	8908	6684	12467	12389	9022	3	1	0.5	0	1	0.25	0	0.5
168	6915	12464	12421	8910	6676	12465	12388	9020	6918	12466	12422	8908	6684	12467	12389	9022	6	1	1	0	1	0.5	0	0.5
168	6676	12465	12388	9020	6918	12466	12422	8908	6684	12467	12389	9022	6837	12468	12413	8931	0	0.5	0.5	0	0.75	0.75	0	0.5
168	6676	12465	12388	9020	6918	12466	12422	8908	6684	12467	12389	9022	6837	12468	12413	8931	0	0.5	1	0	0.75	1	0	0.5
168	6676	12465	12388	9020	6918	12466	12422	8908	6684	12467	12389	9022	6837	12468	12413	8931	6	1	0.5	0	1	0.75	0	0.5
168	6676	12465	12388	9020	6918	12466	12422	8908	6684	12467	12389	9022	6837	12468	12413	8931	6	1	1	0	1	1	0	0.5
169	6814	6904	12470	12420	6996	6664	12469	12386	6813	6915	12464	12421	6994	6676	12465	12388	9	0	0	0	0	0	0	0.5
169	6814	6904	12470	12420	6996	6664	12469	12386	6813	6915	12464	12421	6994	6676	12465	12388	9	0	0.5	0	0	0.25	0	0.5
169	6814	6904	12470	12420	6996	6664	12469	12386	6813	6915	12464	12421	6994	6676	12465	12388	12	0	1	0	0	0.5	0	0.5
169	6814	6904	12470	12420	6996	6664	12469	12386	6813	6915	12464	12421	6994	6676	12465	12388	0	0.5	0	0	0.25	0	0	0.5
169	6814	6904	12470	12420	6996	6664	12469	12386	6813	6915	12464	12421	6994	6676	12465	12388	0	0.5	0.5	0	0.25	0.25	0	0.5
169	6814	6904	12470	12420	6996	6664	12469	12386	6813	6915	12464	12421	6994	6676	12465	12388	0	0.5	1	0	0.25	0.5	0	0.5
169	6814	6904	12470	12420	6996	6664	12469	12386	6813	6915	12464	12421	6994	6676	12465	12388	3	1	0	0	0.5	0	0	0.5
169	6814	6904	12470	12420	6996	6664	12469	12386	6813	6915	12464	12421	6994	6676	12465	12388	6	1	0.5	0	0.5	0.25	0	0.5
169	6814	6904	12470	12420	6996	6664	12469	12386	6813	6915	12464	12421	6994	6676	12465	12388	6	1	1	0	0.5	0.5	0	0.5
169	6996	6664	12469	12386	6813	6915	12464	12421	6994	6676	12465	12388	6812	6918	12466	12422	12	0	0.5	0	0	0.75	0	0.5
169	6996	6664	12469	12386	6813	6915	12464	12421	6994	6676	12465	12388	6812	6918	12466	12422	12	0	1	0	0	1	0	0.5
169	6996	6664	12469	12386	6813	6915	12464	12421	6994	6676	12465	12388	6812	6918	12466	12422	0	0.5	0.5	0	0.25	0.75	0	0.5
169	6996	6664	12469	12386	6813	6915	12464	12421	6994	6676	12465	12388	6812	6918	12466	12422	0	0.5	1	0	0.25	1	0	0.5
169	6996	6664	12469	12386	6813	6915	12464	12421	6994	6676	12465	12388	6812	6918	12466	12422	6	1	0.5	0	0.5	0.75	0	0.5
169	6996	6664	12469	12386	6813	6915	12464	12421	6994	6676	12465	12388	6812	6918	12466	12422	6	1	1	0	0.5	1	0	0.5
169	6904	12470	12420	8912	6664	12469	12386	9025	6915	12464	12421	8910	6676	12465	12388	9020	0	0.5	0	0	0.75	0	0	0.5
169	6904	12470	12420	8912	6664	12469	12386	9025	6915	12464	12421	8910	6676	12465	12388	9020	0	0.5	0.5	0	0.75	0.25	0	0.5
169	6904	12470	12420	8912	6664	12469	12386	9025	6915	12464	12421	8910	6676	12465	12388	9020	0	0.5	1	0	0.75	0.5	0	0.5
169	6904	12470	12420	8912	6664	12469	12386	9025	6915	12464	12421	8910	6676	12465	12388	9020	3	1	0	0	1	0	0	0.5
169	6904	12470	12420	8912	6664	12469	12386	9025	6915	12464	12421	8910	6676	12465	12388	9020	3	1	0.5	0	1	0.25	0	0.5
169	6904	12470	12420	8912	6664	12469	12386	9025	6915	12464	12421	8910	6676	12465	12388	9020	6	1	1	0	1	0.5	0	0.5
169	6664	12469	12386	9025	6915	12464	12421	8910	6676	12465	12388	9020	6918	12466	12422	8908	0	0.5	0.5	0	0.75	0.75	0	0.5
169	6664	12469	12386	9025	6915	12464	12421	8910	6676	12465	12388	9020	6918	12466	12422	8908	0	0.5	1	0	0.75	1	0	0.5
169	6664	12469	12386	9025	6915	12464	12421	8910	6676	12465	12388	9020	6918	12466	12422	8908	6	1	0.5	0	1	0.75	0	0.5
169	6664	12469	12386	9025	6915	12464	12421	8910	6676	12465	12388	9020	6918	12466	12422	8908	6	1	1	0	1	1	0	0.5
170	6815	6884	12472	12419	6997	6682	12471	12387	6814	6904	12470	12420	6996	6664	12469	12386	9	0	0	0	0	0	0	0.5
170	6815	6884	12472	12419	6997	6682	12471	12387	6814	6904	12470	12420	6996	6664	12469	12386	9	0	0.5	0	0	0.25	0	0.5
170	6815	6884	12472	12419	6997	6682	12471	12387	6814	6904	12470	12420	6996	6664	12469	12386	12	0	1	0	0	0.5	0	0.5
170	6815	6884	12472	12419	6997	6682	12471	12387	6814	6904	12470	12420	6996	6664	12469	12386	0	0.5	0	0	0.25	0	0	0.5
170	6815	6884	12472	12419	6997	6682	12471	12387	6814	6904	12470	12420	6996	6664	12469	12386	0	0.5	0.5	0	0.25	0.25	0	0.5
170	6815	6884	12472	12419	6997	6682	12471	12387	6814	6904	12470	12420	6996	6664	12469	12386	0	0.5	1	0	0.25	0.5	0	0.5
170	6815	6884	12472	12419	6997	6682	12471	12387	6814	6904	12470	12420	6996	6664	12469	12386	3	1	0	0	0.5	0	0	0.5
170	6815	6884	12472	12419	6997	6682	12471	12387	6814	6904	12470	12420	6996	6664	12469	12386	6	1	0.5	0	0.5	0.25	0	0.5
170	6815	6884	12472	12419	6997	6682	12471	12387	6814	6904	12470	12420	6996	6664	12469	12386	6	1	1	0	0.5	0.5	0	0.5
170	6997	6682	12471	12387	6814	6904	12470	12420	6996	6664	12469	12386	6813	6915	12464	12421	12	0	0.5	0	0	0.75	0	0.5
170	6997	6682	12471	12387	6814	6904	12470	12420	6996	6664	12469	12386	6813	6915	12464	12421	12	0	1	0	0	1	0	0.5
170	6997	6682	12471	12387	6814	6904	12470	12420	6996	6664	12469	12386	6813	6915	12464	12421	0	0.5	0.5	0	0.25	0.75	0	0.5
170	6997	6682	12471	12387	6814	6904	12470	12420	6996	6664	12469	12386	6813	6915	12464	12421	0	0.5	1	0	0.25	1	0	0.5
170	6997	6682	12471	12387	6814	6904	12470	12420	6996	6664	12469	12386	6813	6915	12464	12421	6	1	0.5	0	0.5	0.75	0	0.5
170	6997	6682	12471	12387	6814	6904	12470	12420	6996	6664	12469	12386	6813	6915	12464	12421	6	1	1	0	0.5	1	0	0.5
170	6884	12472	12419	8914	6682	12471	12387	9028	6904	12470	12420	8912	6664	12469	12386	9025	0	0.5	0	0	0.75	0	0	0.5
170	6884	12472	12419	8914	6682	12471	12387	9028	6904	12470	12420	8912	6664	12469	12386	9025	0	0.5	0.5	0	0.75	0.25	0	0.5
170	6884	12472	12419	8914	6682	12471	12387	9028	6904	12470	12420	8912	6664	12469	12386	9025	0	0.5	1	0	0.75	0.5	0	0.5
170	6884	12472	12419	8914	6682	12471	12387	9028	6904	12470	12420	8912	6664	12469	12386	9025	3	1	0	0	1	0	0	0.5
170	6884	12472	12419	8914	6682	12471	12387	9028	6904	12470	12420	8912	6664	12469	12386	9025	3	1	0.5	0	1	0.25	0	0.5
170	6884	12472	12419	8914	6682	12471	12387	9028	6904	12470	12420	8912	6664	12469	12386	9025	6	1	1	0	1	0.5	0	0.5
170	6682	12471	12387	9028	6904	12470	12420	8912	6664	12469	12386	9025	6915	12464	12421	8910	0	0.5	0.5	0	0.75	0.75	0	0.5
170	6682	12471	12387	9028	6904	12470	12420	8912	6664	12469	12386	9025	6915	12464	12421	8910	0	0.5	1	0	0.75	1	0	0.5
170	6682	12471	12387	9028	6904	12470	12420	8912	6664	12469	12386	9025	6915	12464	12421	8910	6	1	0.5	0	1	0.75	0	0.5
170	6682	12471	12387	9028	6904	12470	12420	8912	6664	12469	12386	9025	6915	12464	12421	8910	6	1	1	0	1	1	0	0.5
171	6818	6880	12474	12418	6998	6663	12473	12390	6815	6884	12472	12419	6997	6682	12471	12387	9	0	0	0	0	0	0	0.5
171	6818	6880	12474	12418	6998	6663	12473	12390	6815	6884	12472	12419	6997	6682	12471	12387	9	0	0.5	0	0	0.25	0	0.5
171	6818	6880	12474	12418	6998	6663	12473	12390	6815	6884	12472	12419	6997	6682	12471	12387	12	0	1	0	0	0.5	0	0.5
171	6818	6880	12474	12418	6998	6663	12473	12390	6815	6884	12472	12419	6997	6682	12471	12387	0	0.5	0	0	0.25	0	0	0.5
171	6818	6880	12474	12418	6998	6663	12473	12390	6815	6884	12472	12419	6997	6682	12471	12387	0	0.5	0.5	0	0.25	0.25	0	0.5
171	6818	6880	12474	12418	6998	6663	12473	12390	6815	6884	12472	12419	6997	6682	12471	12387	0	0.5	1	0	0.25	0.5	0	0.5
171	6818	6880	12474	12418	6998	6663	12473	12390	6815	6884	12472	12419	6997	6682	12471	12387	3	1	0	0	0.5	0	0	0.5
171	6818	6880	12474	12418	6998	6663	12473	12390	6815	6884	12472	12419	6997	6682	12471	12387	6	1	0.5	0	0.5	0.25	0	0.5
171	6818	6880	12474	12418	6998	6663	12473	12390	6815	6884	12472	12419	6997	6682	12471	12387	6	1	1	0	0.5	0.5	0	0.5
171	6998	6663	12473	12390	6815	6884	12472	12419	6997	6682	12471	12387	6814	6904	12470	12420	12	0	0.5	0	0	0.75	0	0.5
171	6998	6663	12473	12390	6815	6884	12472	12419	6997	6682	12471	12387	6814	6904	12470	12420	12	0	1	0	0	1	0	0.5
171	6998	6663	12473	12390	6815	6884	12472	12419	6997	6682	12471	12387	6814	6904	12470	12420	0	0.5	0.5	0	0.25	0.75	0	0.5
171	6998	6663	12473	12390	6815	6884	12472	12419	6997	6682	12471	12387	6814	6904	12470	12420	0	0.5	1	0	0.25	1	0	0.5
171	6998	6663	12473	12390	6815	6884	12472	12419	6997	6682	12471	12387	6814	6904	12470	12420	6	1	0.5	0	0.5	0.75	0	0.5
171	6998	6663	12473	12390	6815	6884	12472	12419	6997	6682	12471	12387	6814	6904	12470	12420	6	1	1	0	0.5	1	0	0.5
171	6880	12474	12418	8917	6663	12473	12390	9031	6884	12472	12419	8914	6682	12471	12387	9028	0	0.5	0	0	0.75	0	0	0.5
171	6880	12474	12418	8917	6663	12473	12390	9031	6884	12472	12419	8914	6682	12471	12387	9028	0	0.5	0.5	0	0.75	0.25	0	0.5
171	6880	12474	12418	8917	6663	12473	12390	9031	6884	12472	12419	8914	6682	12471	12387	9028	0	0.5	1	0	0.75	0.5	0	0.5
171	6880	12474	12418	8917	6663	12473	12390	9031	6884	12472	12419	8914	6682	12471	12387	9028	3	1	0	0	1	0	0	0.5
171	6880	12474	12418	8917	6663	12473	12390	9031	6884	12472	12419	8914	6682	12471	12387	9028	3	1	0.5	0	1	0.25	0	0.5
171	6880	12474	12418	8917	6663	12473	12390	9031	6884	12472	12419	8914	6682	12471	12387	9028	6	1	1	0	1	0.5	0	0.5
171	6663	12473	12390	9031	6884	12472	12419	8914	6682	12471	12387	9028	6904	12470	12420	8912	0	0.5	0.5	0	0.75	0.75	0	0.5
171	6663	12473	12390	9031	6884	12472	12419	8914	6682	12471	12387	9028	6904	12470	12420	8912	0	0.5	1	0	0.75	1	0	0.5
171	6663	12473	12390	9031	6884	12472	12419	8914	6682	12471	12387	9028	6904	12470	12420	8912	6	1	0.5	0	1	0.75	0	0.5
171	6663	12473	12390	9031	6884	12472	12419	8914	6682	12471	12387	9028	6904	12470	12420	8912	6	1	1	0	1	1	0	0.5
172	6835	6890	12476	12417	7002	6691	12475	12400	6818	6880	12474	12418	6998	6663	12473	12390	9	0	0	0	0	0	0	0.5
172	6835	6890	12476	12417	7002	6691	12475	12400	6818	6880	12474	12418	6998	6663	12473	12390	9	0	0.5	0	0	0.25	0	0.5
172	6835	6890	12476	12417	7002	6691	12475	12400	6818	6880	12474	12418	6998	6663	12473	12390	12	0	1	0	0	0.5	0	0.5
172	6835	6890	12476	12417	7002	6691	12475	12400	6818	6880	12474	12418	6998	6663	12473	12390	0	0.5	0	0	0.25	0	0	0.5
172	6835	6890	12476	12417	7002	6691	12475	12400	6818	6880	12474	12418	6998	6663	12473	12390	0	0.5	0.5	0	0.25	0.25	0	0.5
172	6835	6890	12476	12417	7002	6691	12475	12400	6818	6880	12474	12418	6998	6663	12473	12390	0	0.5	1	0	0.25	0.5	0	0.5
172	6835	6890	12476	12417	7002	6691	12475	12400	6818	6880	12474	12418	6998	6663	12473	12390	3	1	0	0	0.5	0	0	0.5
172	6835	6890	12476	12417	7002	6691	12475	12400	6818	6880	12474	12418	6998	6663	12473	12390	6	1	0.5	0	0.5	0.25	0	0.5
172	6835	6890	12476	12417	7002	6691	12475	12400	6818	6880	12474	12418	6998	6663	12473	12390	6	1	1	0	0.5	0.5	0	0.5
172	7002	6691	12475	12400	6818	6880	12474	12418	6998	6663	12473	12390	6815	6884	12472	12419	12	0	0.5	0	0	0.75	0	0.5
172	7002	6691	12475	12400	6818	6880	12474	12418	6998	6663	12473	12390	6815	6884	12472	12419	12	0	1	0	0	1	0	0.5
172	7002	6691	12475	12400	6818	6880	12474	12418	6998	6663	12473	12390	6815	6884	12472	12419	0	0.5	0.5	0	0.25	0.75	0	0.5
172	7002	6691	12475	12400	6818	6880	12474	12418	6998	6663	12473	12390	6815	6884	12472	12419	0	0.5	1	0	0.25	1	0	0.5
172	7002	6691	12475	12400	6818	6880	12474	12418	6998	6663	12473	12390	6815	6884	12472	12419	6	1	0.5	0	0.5	0.75	0	0.5
172	7002	6691	12475	12400	6818	6880	12474	12418	6998	6663	12473	12390	6815	6884	12472	12419	6	1	1	0	0.5	1	0	0.5
172	6890	12476	12417	8919	6691	12475	12400	9036	6880	12474	12418	8917	6663	12473	12390	9031	0	0.5	0	0	0.75	0	0	0.5
172	6890	12476	12417	8919	6691	12475	12400	9036	6880	12474	12418	8917	6663	12473	12390	9031	0	0.5	0.5	0	0.75	0.25	0	0.5
172	6890	12476	12417	8919	6691	12475	12400	9036	6880	12474	12418	8917	6663	12473	12390	9031	0	0.5	1	0	0.75	0.5	0	0.5
172	6890	12476	12417	8919	6691	12475	12400	9036	6880	12474	12418	8917	6663	12473	12390	9031	3	1	0	0	1	0	0	0.5
172	6890	12476	12417	8919	6691	12475	12400	9036	6880	12474	12418	8917	6663	12473	12390	9031	3	1	0.5	0	1	0.25	0	0.5
172	6890	12476	12417	8919	6691	12475	12400	9036	6880	12474	12418	8917	6663	12473	12390	9031	6	1	1	0	1	0.5	0	0.5
172	6691	12475	12400	9036	6880	12474	12418	8917	6663	12473	12390	9031	6884	12472	12419	8914	0	0.5	0.5	0	0.75	0.75	0	0.5
172	6691	12475	12400	9036	6880	12474	12418	8917	6663	12473	12390	9031	6884	12472	12419	8914	0	0.5	1	0	0.75	1	0	0.5
172	6691	12475	12400	9036	6880	12474	12418	8917	6663	12473	12390	9031	6884	12472	12419	8914	6	1	0.5	0	1	0.75	0	0.5
172	6691	12475	12400	9036	6880	12474	12418	8917	6663	12473	12390	9031	6884	12472	12419	8914	6	1	1	0	1	1	0	0.5
173	8875	12406	12487	6887	8954	12393	12486	6695	8881	12409	12485	6894	8970	12398	12484	6698	9	0	0	0	0	0	0	0.5
173	8875	12406	12487	6887	8954	12393	12486	6695	8881	12409	12485	6894	8970	12398	12484	6698	9	0	0.5	0	0	0.25	0	0.5
173	8875	12406	12487	6887	8954	12393	12486	6695	8881	12409	12485	6894	8970	12398	12484	6698	12	0	1	0	0	0.5	0	0.5
173	8875	12406	12487	6887	8954	12393	12486	6695	8881	12409	12485	6894	8970	12398	12484	6698	0	0.5	0	0	0.25	0	0	0.5
173	8875	12406	12487	6887	8954	12393	12486	6695	8881	12409	12485	6894	8970	12398	12484	6698	0	0.5	0.5	0	0.25	0.25	0	0.5
173	8875	12406	12487	6887	8954	12393	12486	6695	8881	12409	12485	6894	8970	12398	12484	6698	0	0.5	1	0	0.25	0.5	0	0.5
173	8875	12406	12487	6887	8954	12393	12486	6695	8881	12409	12485	6894	8970	12398	12484	6698	3	1	0	0	0.5	0	0	0.5
173	8875	12406	12487	6887	8954	12393	12486	6695	8881	12409	12485	6894	8970	12398	12484	6698	6	1	0.5	0	0.5	0.25	0	0.5
173	8875	12406	12487	6887	8954	12393	12486	6695	8881	12409	12485	6894	8970	12398	12484	6698	6	1	1	0	0.5	0.5	0	0.5
173	8954	12393	12486	6695	8881	12409	12485	6894	8970	12398	12484	6698	8882	12410	12483	6905	12	0	0.5	0	0	0.75	0	0.5
173	8954	12393	12486	6695	8881	12409	12485	6894	8970	12398	12484	6698	8882	12410	12483	6905	12	0	1	0	0	1	0	0.5
173	8954	12393	12486	6695	8881	12409	12485	6894	8970	12398	12484	6698	8882	12410	12483	6905	0	0.5	0.5	0	0.25	0.75	0	0.5
173	8954	12393	12486	6695	8881	12409	12485	6894	8970	12398	12484	6698	8882	12410	12483	6905	0	0.5	1	0	0.25	1	0	0.5
173	8954	12393	12486	6695	8881	12409	12485	6894	8970	12398	12484	6698	8882	12410	12483	6905	6	1	0.5	0	0.5	0.75	0	0.5
173	8954	12393	12486	6695	8881	12409	12485	6894	8970	12398	12484	6698	8882	12410	12483	6905	6	1	1	0	0.5	1	0	0.5
173	12406	12487	6887	6817	12393	12486	6695	6979	12409	12485	6894	6801	12398	12484	6698	6978	0	0.5	0	0	0.75	0	0	0.5
173	12406	12487	6887	6817	12393	12486	6695	6979	12409	12485	6894	6801	12398	12484	6698	6978	0	0.5	0.5	0	0.75	0.25	0	0.5
173	12406	12487	6887	6817	12393	12486	6695	6979	12409	12485	6894	6801	12398	12484	6698	6978	0	0.5	1	0	0.75	0.5	0	0.5
173	12406	12487	6887	6817	12393	12486	6695	6979	12409	12485	6894	6801	12398	12484	6698	6978	3	1	0	0	1	0	0	0.5
173	12406	12487	6887	6817	12393	12486	6695	6979	12409	12485	6894	6801	12398	12484	6698	6978	3	1	0.5	0	1	0.25	0	0.5
173	12406	12487	6887	6817	12393	12486	6695	6979	12409	12485	6894	6801	12398	12484	6698	6978	6	1	1	0	1	0.5	0	0.5
173	12393	12486	6695	6979	12409	12485	6894	6801	12398	12484	6698	6978	12410	12483	6905	6802	0	0.5	0.5	0	0.75	0.75	0	0.5
173	12393	12486	6695	6979	12409	12485	6894	6801	12398	12484	6698	6978	12410	12483	6905	6802	0	0.5	1	0	0.75	1	0	0.5
173	12393	12486	6695	6979	12409	12485	6894	6801	12398	12484	6698	6978	12410	12483	6905	6802	6	1	0.5	0	1	0.75	0	0.5
173	12393	12486	6695	6979	12409	12485	6894	6801	12398	12484	6698	6978	12410	12483	6905	6802	6	1	1	0	1	1	0	0.5
174	8881	12409	12485	6894	8970	12398	12484	6698	8882	12410	12483	6905	8962	12394	12482	6696	9	0	0	0	0	0	0	0.5
174	8881	12409	12485	6894	8970	12398	12484	6698	8882	12410	12483	6905	8962	12394	12482	6696	9	0	0.5	0	0	0.25	0	0.5
174	8881	12409	12485	6894	8970	12398	12484	6698	8882	12410	12483	6905	8962	12394	12482	6696	12	0	1	0	0	0.5	0	0.5
174	8881	12409	12485	6894	8970	12398	12484	6698	8882	12410	12483	6905	8962	12394	12482	6696	0	0.5	0	0	0.25	0	0	0.5
174	8881	12409	12485	6894	8970	12398	12484	6698	8882	12410	12483	6905	8962	12394	12482	6696	0	0.5	0.5	0	0.25	0.25	0	0.5
174	8881	12409	12485	6894	8970	12398	12484	6698	8882	12410	12483	6905	8962	12394	12482	6696	0	0.5	1	0	0.25	0.5	0	0.5
174	8881	12409	12485	6894	8970	12398	12484	6698	8882	12410	12483	6905	8962	12394	12482	6696	3	1	0	0	0.5	0	0	0.5
174	8881	12409	12485	6894	8970	12398	12484	6698	8882	12410	12483	6905	8962	12394	12482	6696	6	1	0.5	0	0.5	0.25	0	0.5
174	8881	12409	12485	6894	8970	12398	12484	6698	8882	12410	12483	6905	8962	12394	12482	6696	6	1	1	0	0.5	0.5	0	0.5
174	8970	12398	12484	6698	8882	12410	12483	6905	8962	12394	12482	6696	8877	12407	12481	6924	12	0	0.5	0	0	0.75	0	0.5
174	8970	12398	12484	6698	8882	12410	12483	6905	8962	12394	12482	6696	8877	12407	12481	6924	12	0	1	0	0	1	0	0.5
174	8970	12398	12484	6698	8882	12410	12483	6905	8962	12394	12482	6696	8877	12407	12481	6924	0	0.5	0.5	0	0.25	0.75	0	0.5
174	8970	12398	12484	6698	8882	12410	12483	6905	8962	12394	12482	6696	8877	12407	12481	6924	0	0.5	1	0	0.25	1	0	0.5
174	8970	12398	12484	6698	8882	12410	12483	6905	8962	12394	12482	6696	8877	12407	12481	6924	6	1	0.5	0	0.5	0.75	0	0.5
174	8970	12398	12484	6698	8882	12410	12483	6905	8962	12394	12482	6696	8877	12407	12481	6924	6	1	1	0	0.5	1	0	0.5
174	12409	12485	6894	6801	12398	12484	6698	6978	12410	12483	6905	6802	12394	12482	6696	6974	0	0.5	0	0	0.75	0	0	0.5
174	12409	12485	6894	6801	12398	12484	6698	6978	12410	12483	6905	6802	12394	12482	6696	6974	0	0.5	0.5	0	0.75	0.25	0	0.5
174	12409	12485	6894	6801	12398	12484	6698	6978	12410	12483	6905	6802	12394	12482	6696	6974	0	0.5	1	0	0.75	0.5	0	0.5
174	12409	12485	6894	6801	12398	12484	6698	6978	12410	12483	6905	6802	12394	12482	6696	6974	3	1	0	0	1	0	0	0.5
174	12409	12485	6894	6801	12398	12484	6698	6978	12410	12483	6905	6802	12394	12482	6696	6974	3	1	0.5	0	1	0.25	0	0.5
174	12409	12485	6894	6801	12398	12484	6698	6978	12410	12483	6905	6802	12394	12482	6696	6974	6	1	1	0	1	0.5	0	0.5
174	12398	12484	6698	6978	12410	12483	6905	6802	12394	12482	6696	6974	12407	12481	6924	6799	0	0.5	0.5	0	0.75	0.75	0	0.5
174	12398	12484	6698	6978	12410	12483	6905	6802	12394	12482	6696	6974	12407	12481	6924	6799	0	0.5	1	0	0.75	1	0	0.5
174	12398	12484	6698	6978	12410	12483	6905	6802	12394	12482	6696	6974	12407	12481	6924	6799	6	1	0.5	0	1	0.75	0	0.5
174	12398	12484	6698	6978	12410	12483	6905	6802	12394	12482	6696	6974	12407	12481	6924	6799	6	1	1	0	1	1	0	0.5
175	8882	12410	12483	6905	8962	12394	12482	6696	8877	12407	12481	6924	8961	12397	12480	6697	9	0	0	0	0	0	0	0.5
175	8882	12410	12483	6905	8962	12394	12482	6696	8877	12407	12481	6924	8961	12397	12480	6697	9	0	0.5	0	0	0.25	0	0.5
175	8882	12410	12483	6905	8962	12394	12482	6696	8877	12407	12481	6924	8961	12397	12480	6697	12	0	1	0	0	0.5	0	0.5
175	8882	12410	12483	6905	8962	12394	12482	6696	8877	12407	12481	6924	8961	12397	12480	6697	0	0.5	0	0	0.25	0	0	0.5
175	8882	12410	12483	6905	8962	12394	12482	6696	8877	12407	12481	6924	8961	12397	12480	6697	0	0.5	0.5	0	0.25	0.25	0	0.5
175	8882	12410	12483	6905	8962	12394	12482	6696	8877	12407	12481	6924	8961	12397	12480	6697	0	0.5	1	0	0.25	0.5	0	0.5
175	8882	12410	12483	6905	8962	12394	12482	6696	8877	12407	12481	6924	8961	12397	12480	6697	3	1	0	0	0.5	0	0	0.5
175	8882	12410	12483	6905	8962	12394	12482	6696	8877	12407	12481	6924	8961	12397	12480	6697	6	1	0.5	0	0.5	0.25	0	0.5
175	8882	12410	12483	6905	8962	12394	12482	6696	8877	12407	12481	6924	8961	12397	12480	6697	6	1	1	0	0.5	0.5	0	0.5
175	8962	12394	12482	6696	8877	12407	12481	6924	8961	12397	12480	6697	8878	12408	12479	6920	12	0	0.5	0	0	0.75	0	0.5
175	8962	12394	12482	6696	8877	12407	12481	6924	8961	12397	12480	6697	8878	12408	12479	6920	12	0	1	0	0	1	0	0.5
175	8962	12394	12482	6696	8877	12407	12481	6924	8961	12397	12480	6697	8878	12408	12479	6920	0	0.5	0.5	0	0.25	0.75	0	0.5
175	8962	12394	12482	6696	8877	12407	12481	6924	8961	12397	12480	6697	8878	12408	12479	6920	0	0.5	1	0	0.25	1	0	0.5
175	8962	12394	12482	6696	8877	12407	12481	6924	8961	12397	12480	6697	8878	12408	12479	6920	6	1	0.5	0	0.5	0.75	0	0.5
175	8962	12394	12482	6696	8877	12407	12481	6924	8961	12397	12480	6697	8878	12408	12479	6920	6	1	1	0	0.5	1	0	0.5
175	12410	12483	6905	6802	12394	12482	6696	6974	12407	12481	6924	6799	12397	12480	6697	6973	0	0.5	0	0	0.75	0	0	0.5
175	12410	12483	6905	6802	12394	12482	6696	6974	12407	12481	6924	6799	12397	12480	6697	6973	0	0.5	0.5	0	0.75	0.25	0	0.5
175	12410	12483	6905	6802	12394	12482	6696	6974	12407	12481	6924	6799	12397	12480	6697	6973	0	0.5	1	0	0.75	0.5	0	0.5
175	12410	12483	6905	6802	12394	12482	6696	6974	12407	12481	6924	6799	12397	12480	6697	6973	3	1	0	0	1	0	0	0.5
175	12410	12483	6905	6802	12394	12482	6696	6974	12407	12481	6924	6799	12397	12480	6697	6973	3	1	0.5	0	1	0.25	0	0.5
175	12410	12483	6905	6802	12394	12482	6696	6974	12407	12481	6924	6799	12397	12480	6697	6973	6	1	1	0	1	0.5	0	0.5
175	12394	12482	6696	6974	12407	12481	6924	6799	12397	12480	6697	6973	12408	12479	6920	6800	0	0.5	0.5	0	0.75	0.75	0	0.5
175	12394	12482	6696	6974	12407	12481	6924	6799	12397	12480	6697	6973	12408	12479	6920	6800	0	0.5	1	0	0.75	1	0	0.5
175	12394	12482	6696	6974	12407	12481	6924	6799	12397	12480	6697	6973	12408	12479	6920	6800	6	1	0.5	0	1	0.75	0	0.5
175	12394	12482	6696	6974	12407	12481	6924	6799	12397	12480	6697	6973	12408	12479	6920	6800	6	1	1	0	1	1	0	0.5
176	8877	12407	12481	6924	8961	12397	12480	6697	8878	12408	12479	6920	8963	12402	12478	6687	9	0	0	0	0	0	0	0.5
176	8877	12407	12481	6924	8961	12397	12480	6697	8878	12408	12479	6920	8963	12402	12478	6687	9	0	0.5	0	0	0.25	0	0.5
176	8877	12407	12481	6924	8961	12397	12480	6697	8878	12408	12479	6920	8963	12402	12478	6687	12	0	1	0	0	0.5	0	0.5
176	8877	12407	12481	6924	8961	12397	12480	6697	8878	12408	12479	6920	8963	12402	12478	6687	0	0.5	0	0	0.25	0	0	0.5
176	8877	12407	12481	6924	8961	12397	12480	6697	8878	12408	12479	6920	8963	12402	12478	6687	0	0.5	0.5	0	0.25	0.25	0	0.5
176	8877	12407	12481	6924	8961	12397	12480	6697	8878	12408	12479	6920	8963	12402	12478	6687	0	0.5	1	0	0.25	0.5	0	0.5
176	8877	12407	12481	6924	8961	12397	12480	6697	8878	12408	12479	6920	8963	12402	12478	6687	3	1	0	0	0.5	0	0	0.5
176	8877	12407	12481	6924	8961	12397	12480	6697	8878	12408	12479	6920	8963	12402	12478	6687	6	1	0.5	0	0.5	0.25	0	0.5
176	8877	12407	12481	6924	8961	12397	12480	6697	8878	12408	12479	6920	8963	12402	12478	6687	6	1	1	0	0.5	0.5	0	0.5
176	8961	12397	12480	6697	8878	12408	12479	6920	8963	12402	12478	6687	8897	12416	12477	6857	12	0	0.5	0	0	0.75	0	0.5
176	8961	12397	12480	6697	8878	12408	12479	6920	8963	12402	12478	6687	8897	12416	12477	6857	12	0	1	0	0	1	0	0.5
176	8961	12397	12480	6697	8878	12408	12479	6920	8963	12402	12478	6687	8897	12416	12477	6857	0	0.5	0.5	0	0.25	0.75	0	0.5
176	8961	12397	12480	6697	8878	12408	12479	6920	8963	12402	12478	6687	8897	12416	12477	6857	0	0.5	1	0	0.25	1	0	0.5
176	8961	12397	12480	6697	8878	12408	12479	6920	8963	12402	12478	6687	8897	12416	12477	6857	6	1	0.5	0	0.5	0.75	0	0.5
176	8961	12397	12480	6697	8878	12408	12479	6920	8963	12402	12478	6687	8897	12416	12477	6857	6	1	1	0	0.5	1	0	0.5
176	12407	12481	6924	6799	12397	12480	6697	6973	12408	12479	6920	6800	12402	12478	6687	6976	0	0.5	0	0	0.75	0	0	0.5
176	12407	12481	6924	6799	12397	12480	6697	6973	12408	12479	6920	6800	12402	12478	6687	6976	0	0.5	0.5	0	0.75	0.25	0	0.5
176	12407	12481	6924	6799	12397	12480	6697	6973	12408	12479	6920	6800	12402	12478	6687	6976	0	0.5	1	0	0.75	0.5	0	0.5
176	12407	12481	6924	6799	12397	12480	6697	6973	12408	12479	6920	6800	12402	12478	6687	6976	3	1	0	0	1	0	0	0.5
176	12407	12481	6924	6799	12397	12480	6697	6973	12408	12479	6920	6800	12402	12478	6687	6976	3	1	0.5	0	1	0.25	0	0.5
176	12407	12481	6924	6799	12397	12480	6697	6973	12408	12479	6920	6800	12402	12478	6687	6976	6	1	1	0	1	0.5	0	0.5
176	12397	12480	6697	6973	12408	12479	6920	6800	12402	12478	6687	6976	12416	12477	6857	6809	0	0.5	0.5	0	0.75	0.75	0	0.5
176	12397	12480	6697	6973	12408	12479	6920	6800	12402	12478	6687	6976	12416	12477	6857	6809	0	0.5	1	0	0.75	1	0	0.5
176	12397	12480	6697	6973	12408	12479	6920	6800	12402	12478	6687	6976	12416	12477	6857	6809	6	1	0.5	0	1	0.75	0	0.5
176	12397	12480	6697	6973	12408	12479	6920	6800	12402	12478	6687	6976	12416	12477	6857	6809	6	1	1	0	1	1	0	0.5
177	6811	6844	12497	12412	6944	6685	12496	12385	6823	6861	12495	12404	7009	6671	12494	12391	9	0	0	0	0	0	0	0.5
177	6811	6844	12497	12412	6944	6685	12496	12385	6823	6861	12495	12404	7009	6671	12494	12391	9	0	0.5	0	0	0.25	0	0.5
177	6811	6844	12497	12412	6944	6685	12496	12385	6823	6861	12495	12404	7009	6671	12494	12391	12	0	1	0	0	0.5	0	0.5
177	6811	6844	12497	12412	6944	6685	12496	12385	6823	6861	12495	12404	7009	6671	12494	12391	12	0.5	0	0	0.25	0	0	0.5
177	6811	6844	12497	12412	6944	6685	12496	12385	6823	6861	12495	12404	7009	6671	12494	12391	0	0.5	0.5	0	0.25	0.25	0	0.5
177	6811	6844	12497	12412	6944	6685	12496	12385	6823	6861	12495	12404	7009	6671	12494	12391	0	0.5	1	0	0.25	0.5	0	0.5
177	6811	6844	12497	12412	6944	6685	12496	12385	6823	6861	12495	12404	7009	6671	12494	12391	3	1	0	0	0.5	0	0	0.5
177	6811	6844	12497	12412	6944	6685	12496	12385	6823	6861	12495	12404	7009	6671	12494	12391	6	1	0.5	0	0.5	0.25	0	0.5
177	6811	6844	12497	12412	6944	6685	12496	12385	6823	6861	12495	12404	7009	6671	12494	12391	6	1	1	0	0.5	0.5	0	0.5
177	6944	6685	12496	12385	6823	6861	12495	12404	7009	6671	12494	12391	6824	6847	12493	12405	12	0	0.5	0	0	0.75	0	0.5
177	6944	6685	12496	12385	6823	6861	12495	12404	7009	6671	12494	12391	6824	6847	12493	12405	12	0	1	0	0	1	0	0.5
177	6944	6685	12496	12385	6823	6861	12495	12404	7009	6671	12494	12391	6824	6847	12493	12405	0	0.5	0.5	0	0.25	0.75	0	0.5
177	6944	6685	12496	12385	6823	6861	12495	12404	7009	6671	12494	12391	6824	6847	12493	12405	0	0.5	1	0	0.25	1	0	0.5
177	6944	6685	12496	12385	6823	6861	12495	12404	7009	6671	12494	12391	6824	6847	12493	12405	6	1	0.5	0	0.5	0.75	0	0.5
177	6944	6685	12496	12385	6823	6861	12495	12404	7009	6671	12494	12391	6824	6847	12493	12405	6	1	1	0	0.5	1	0	0.5
177	6844	12497	12412	8889	6685	12496	12385	8952	6861	12495	12404	8951	6671	12494	12391	8874	0	0.5	0	0	0.75	0	0	0.5
177	6844	12497	12412	8889	6685	12496	12385	8952	6861	12495	12404	8951	6671	12494	12391	8874	0	0.5	0.5	0	0.75	0.25	0	0.5
177	6844	12497	12412	8889	6685	12496	12385	8952	6861	12495	12404	8951	6671	12494	12391	8874	0	0.5	1	0	0.75	0.5	0	0.5
177	6844	12497	12412	8889	6685	12496	12385	8952	6861	12495	12404	8951	6671	12494	12391	8874	3	1	0	0	1	0	0	0.5
177	6844	12497	12412	8889	6685	12496	12385	8952	6861	12495	12404	8951	6671	12494	12391	8874	3	1	0.5	0	1	0.25	0	0.5
177	6844	12497	12412	8889	6685	12496	12385	8952	6861	12495	12404	8951	6671	12494	12391	8874	6	1	1	0	1	0.5	0	0.5
177	6685	12496	12385	8952	6861	12495	12404	8951	6671	12494	12391	8874	6847	12493	12405	8953	0	0.5	0.5	0	0.75	0.75	0	0.5
177	6685	12496	12385	8952	6861	12495	12404	8951	6671	12494	12391	8874	6847	12493	12405	8953	0	0.5	1	0	0.75	1	0	0.5
177	6685	12496	12385	8952	6861	12495	12404	8951	6671	12494	12391	8874	6847	12493	12405	8953	6	1	0.5	0	1	0.75	0	0.5
177	6685	12496	12385	8952	6861	12495	12404	8951	6671	12494	12391	8874	6847	12493	12405	8953	6	1	1	0	1	1	0	0.5
178	6823	6861	12495	12404	7009	6671	12494	12391	6824	6847	12493	12405	7010	6673	12499	12392	9	0	0	0	0	0	0	0.5
178	6823	6861	12495	12404	7009	6671	12494	12391	6824	6847	12493	12405	7010	6673	12499	12392	9	0	0.5	0	0	0.25	0	0.5
178	6823	6861	12495	12404	7009	6671	12494	12391	6824	6847	12493	12405	7010	6673	12499	12392	12	0	1	0	0	0.5	0	0.5
178	6823	6861	12495	12404	7009	6671	12494	12391	6824	6847	12493	12405	7010	6673	12499	12392	0	0.5	0	0	0.25	0	0	0.5
178	6823	6861	12495	12404	7009	6671	12494	12391	6824	6847	12493	12405	7010	6673	12499	12392	0	0.5	0.5	0	0.25	0.25	0	0.5
178	6823	6861	12495	12404	7009	6671	12494	12391	6824	6847	12493	12405	7010	6673	12499	12392	0	0.5	1	0	0.25	0.5	0	0.5
178	6823	6861	12495	12404	7009	6671	12494	12391	6824	6847	12493	12405	7010	6673	12499	12392	3	1	0	0	0.5	0	0	0.5
178	6823	6861	12495	12404	7009	6671	12494	12391	6824	6847	12493	12405	7010	6673	12499	12392	6	1	0.5	0	0.5	0.25	0	0.5
178	6823	6861	12495	12404	7009	6671	12494	12391	6824	6847	12493	12405	7010	6673	12499	12392	6	1	1	0	0.5	0.5	0	0.5
178	7009	6671	12494	12391	6824	6847	12493	12405	7010	6673	12499	12392	6825	6851	12498	12414	12	0	0.5	0	0	0.75	0	0.5
178	7009	6671	12494	12391	6824	6847	12493	12405	7010	6673	12499	12392	6825	6851	12498	12414	12	0	1	0	0	1	0	0.5
178	7009	6671	12494	12391	6824	6847	12493	12405	7010	6673	12499	12392	6825	6851	12498	12414	0	0.5	0.5	0	0.25	0.75	0	0.5
178	7009	6671	12494	12391	6824	6847	12493	12405	7010	6673	12499	12392	6825	6851	12498	12414	0	0.5	1	0	0.25	1	0	0.5
178	7009	6671	12494	12391	6824	6847	12493	12405	7010	6673	12499	12392	6825	6851	12498	12414	6	1	0.5	0	0.5	0.75	0	0.5
178	7009	6671	12494	12391	6824	6847	12493	12405	7010	6673	12499	12392	6825	6851	12498	12414	6	1	1	0	0.5	1	0	0.5
178	6861	12495	12404	8951	6671	12494	12391	8874	6847	12493	12405	8953	6673	12499	12392	8973	0	0.5	0	0	0.75	0	0	0.5
178	6861	12495	12404	8951	6671	12494	12391	8874	6847	12493	12405	8953	6673	12499	12392	8973	0	0.5	0.5	0	0.75	0.25	0	0.5
178	6861	12495	12404	8951	6671	12494	12391	8874	6847	12493	12405	8953	6673	12499	12392	8973	0	0.5	1	0	0.75	0.5	0	0.5
178	6861	12495	12404	8951	6671	12494	12391	8874	6847	12493	12405	8953	6673	12499	12392	8973	3	1	0	0	1	0	0	0.5
178	6861	12495	12404	8951	6671	12494	12391	8874	6847	12493	12405	8953	6673	12499	12392	8973	3	1	0.5	0	1	0.25	0	0.5
178	6861	12495	12404	8951	6671	12494	12391	8874	6847	12493	12405	8953	6673	12499	12392	8973	6	1	1	0	1	0.5	0	0.5
178	6671	12494	12391	8874	6847	12493	12405	8953	6673	12499	12392	8973	6851	12498	12414	9063	0	0.5	0.5	0	0.75	0.75	0	0.5
178	6671	12494	12391	8874	6847	12493	12405	8953	6673	12499	12392	8973	6851	12498	12414	9063	0	0.5	1	0	0.75	1	0	0.5
178	6671	12494	12391	8874	6847	12493	12405	8953	6673	12499	12392	8973	6851	12498	12414	9063	6	1	0.5	0	1	0.75	0	0.5
178	6671	12494	12391	8874	6847	12493	12405	8953	6673	12499	12392	8973	6851	12498	12414	9063	6	1	1	0	1	1	0	0.5
179	8895	12415	12500	6854	8998	12399	12507	6672	9063	12414	12498	6851	8973	12392	12499	6673	9	0	0	0	0	0	0	0.5
179	8895	12415	12500	6854	8998	12399	12507	6672	9063	12414	12498	6851	8973	12392	12499	6673	9	0	0.5	0	0	0.25	0	0.5
179	8895	12415	12500	6854	8998	12399	12507	6672	9063	12414	12498	6851	8973	12392	12499	6673	12	0	1	0	0	0.5	0	0.5
179	8895	12415	12500	6854	8998	12399	12507	6672	9063	12414	12498	6851	8973	12392	12499	6673	0	0.5	0	0	0.25	0	0	0.5
179	8895	12415	12500	6854	8998	12399	12507	6672	9063	12414	12498	6851	8973	12392	12499	6673	0	0.5	0.5	0	0.25	0.25	0	0.5
179	8895	12415	12500	6854	8998	12399	12507	6672	9063	12414	12498	6851	8973	12392	12499	6673	0	0.5	1	0	0.25	0.5	0	0.5
179	8895	12415	12500	6854	8998	12399	12507	6672	9063	12414	12498	6851	8973	12392	12499	6673	3	1	0	0	0.5	0	0	0.5
179	8895	12415	12500	6854	8998	12399	12507	6672	9063	12414	12498	6851	8973	12392	12499	6673	6	1	0.5	0	0.5	0.25	0	0.5
179	8895	12415	12500	6854	8998	12399	12507	6672	9063	12414	12498	6851	8973	12392	12499	6673	6	1	1	0	0.5	0.5	0	0.5
179	8998	12399	12507	6672	9063	12414	12498	6851	8973	12392	12499	6673	8953	12405	12493	6847	12	0	0.5	0	0	0.75	0	0.5
179	8998	12399	12507	6672	9063	12414	12498	6851	8973	12392	12499	6673	8953	12405	12493	6847	12	0	1	0	0	1	0	0.5
179	8998	12399	12507	6672	9063	12414	12498	6851	8973	12392	12499	6673	8953	12405	12493	6847	0	0.5	0.5	0	0.25	0.75	0	0.5
179	8998	12399	12507	6672	9063	12414	12498	6851	8973	12392	12499	6673	8953	12405	12493	6847	0	0.5	1	0	0.25	1	0	0.5
179	8998	12399	12507	6672	9063	12414	12498	6851	8973	12392	12499	6673	8953	12405	12493	6847	6	1	0.5	0	0.5	0.75	0	0.5
179	8998	12399	12507	6672	9063	12414	12498	6851	8973	12392	12499	6673	8953	12405	12493	6847	6	1	1	0	0.5	1	0	0.5
179	12415	12500	6854	6808	12399	12507	6672	6991	12414	12498	6851	6825	12392	12499	6673	7010	0	0.5	0	0	0.75	0	0	0.5
179	12415	12500	6854	6808	12399	12507	6672	6991	12414	12498	6851	6825	12392	12499	6673	7010	0	0.5	0.5	0	0.75	0.25	0	0.5
179	12415	12500	6854	6808	12399	12507	6672	6991	12414	12498	6851	6825	12392	12499	6673	7010	0	0.5	1	0	0.75	0.5	0	0.5
179	12415	12500	6854	6808	12399	12507	6672	6991	12414	12498	6851	6825	12392	12499	6673	7010	3	1	0	0	1	0	0	0.5
179	12415	12500	6854	6808	12399	12507	6672	6991	12414	12498	6851	6825	12392	12499	6673	7010	3	1	0.5	0	1	0.25	0	0.5
179	12415	12500	6854	6808	12399	12507	6672	6991	12414	12498	6851	6825	12392	12499	6673	7010	6	1	1	0	1	0.5	0	0.5
179	12399	12507	6672	6991	12414	12498	6851	6825	12392	12499	6673	7010	12405	12493	6847	6824	0	0.5	0.5	0	0.75	0.75	0	0.5
179	12399	12507	6672	6991	12414	12498	6851	6825	12392	12499	6673	7010	12405	12493	6847	6824	0	0.5	1	0	0.75	1	0	0.5
179	12399	12507	6672	6991	12414	12498	6851	6825	12392	12499	6673	7010	12405	12493	6847	6824	7	1	0.5	0	1	0.75	0	0.5
179	12399	12507	6672	6991	12414	12498	6851	6825	12392	12499	6673	7010	12405	12493	6847	6824	6	1	1	0	1	1	0	0.5
180	8897	12416	12477	6857	8997	12401	12501	6688	8895	12415	12500	6854	8998	12399	12507	6672	9	0	0	0	0	0	0	0.5
180	8897	12416	12477	6857	8997	12401	12501	6688	8895	12415	12500	6854	8998	12399	12507	6672	9	0	0.5	0	0	0.25	0	0.5
180	8897	12416	12477	6857	8997	12401	12501	6688	8895	12415	12500	6854	8998	12399	12507	6672	12	0	1	0	0	0.5	0	0.5
180	8897	12416	12477	6857	8997	12401	12501	6688	8895	12415	12500	6854	8998	12399	12507	6672	0	0.5	0	0	0.25	0	0	0.5
180	8897	12416	12477	6857	8997	12401	12501	6688	8895	12415	12500	6854	8998	12399	12507	6672	0	0.5	0.5	0	0.25	0.25	0	0.5
180	8897	12416	12477	6857	8997	12401	12501	6688	8895	12415	12500	6854	8998	12399	12507	6672	0	0.5	1	0	0.25	0.5	0	0.5
180	8897	12416	12477	6857	8997	12401	12501	6688	8895	12415	12500	6854	8998	12399	12507	6672	3	1	0	0	0.5	0	0	0.5
180	8897	12416	12477	6857	8997	12401	12501	6688	8895	12415	12500	6854	8998	12399	12507	6672	6	1	0.5	0	0.5	0.25	0	0.5
180	8897	12416	12477	6857	8997	12401	12501	6688	8895	12415	12500	6854	8998	12399	12507	6672	6	1	1	0	0.5	0.5	0	0.5
180	8997	12401	12501	6688	8895	12415	12500	6854	8998	12399	12507	6672	9063	12414	12498	6851	12	0	0.5	0	0	0.75	0	0.5
180	8997	12401	12501	6688	8895	12415	12500	6854	8998	12399	12507	6672	9063	12414	12498	6851	12	0	1	0	0	1	0	0.5
180	8997	12401	12501	6688	8895	12415	12500	6854	8998	12399	12507	6672	9063	12414	12498	6851	0	0.5	0.5	0	0.25	0.75	0	0.5
180	8997	12401	12501	6688	8895	12415	12500	6854	8998	12399	12507	6672	9063	12414	12498	6851	0	0.5	1	0	0.25	1	0	0.5
180	8997	12401	12501	6688	8895	12415	12500	6854	8998	12399	12507	6672	9063	12414	12498	6851	6	1	0.5	0	0.5	0.75	0	0.5
180	8997	12401	12501	6688	8895	12415	12500	6854	8998	12399	12507	6672	9063	12414	12498	6851	6	1	1	0	0.5	1	0	0.5
180	12416	12477	6857	6809	12401	12501	6688	6992	12415	12500	6854	6808	12399	12507	6672	6991	0	0.5	0	0	0.75	0	0	0.5
180	12416	12477	6857	6809	12401	12501	6688	6992	12415	12500	6854	6808	12399	12507	6672	6991	0	0.5	0.5	0	0.75	0.25	0	0.5
180	12416	12477	6857	6809	12401	12501	6688	6992	12415	12500	6854	6808	12399	12507	6672	6991	0	0.5	1	0	0.75	0.5	0	0.5
180	12416	12477	6857	6809	12401	12501	6688	6992	12415	12500	6854	6808	12399	12507	6672	6991	3	1	0	0	1	0	0	0.5
180	12416	12477	6857	6809	12401	12501	6688	6992	12415	12500	6854	6808	12399	12507	6672	6991	3	1	0.5	0	1	0.25	0	0.5
180	12416	12477	6857	6809	12401	12501	6688	6992	12415	12500	6854	6808	12399	12507	6672	6991	6	1	1	0	1	0.5	0	0.5
180	12401	12501	6688	6992	12415	12500	6854	6808	12399	12507	6672	6991	12414	12498	6851	6825	0	0.5	0.5	0	0.75	0.75	0	0.5
180	12401	12501	6688	6992	12415	12500	6854	6808	12399	12507	6672	6991	12414	12498	6851	6825	0	0.5	1	0	0.75	1	0	0.5
180	12401	12501	6688	6992	12415	12500	6854	6808	12399	12507	6672	6991	12414	12498	6851	6825	6	1	0.5	0	1	0.75	0	0.5
180	12401	12501	6688	6992	12415	12500	6854	6808	12399	12507	6672	6991	12414	12498	6851	6825	6	1	1	0	1	1	0	0.5
181	6810	6841	12504	12411	6993	6700	12503	12403	6811	6844	12502	12412	6944	6685	12496	12385	9	0	0	0	0	0	0	0.5
181	6810	6841	12504	12411	6993	6700	12503	12403	6811	6844	12502	12412	6944	6685	12496	12385	9	0	0.5	0	0	0.25	0	0.5
181	6810	6841	12504	12411	6993	6700	12503	12403	6811	6844	12502	12412	6944	6685	12496	12385	12	0	1	0	0	0.5	0	0.5
181	6810	6841	12504	12411	6993	6700	12503	12403	6811	6844	12502	12412	6944	6685	12496	12385	0	0.5	0	0	0.25	0	0	0.5
181	6810	6841	12504	12411	6993	6700	12503	12403	6811	6844	12502	12412	6944	6685	12496	12385	0	0.5	0.5	0	0.25	0.25	0	0.5
181	6810	6841	12504	12411	6993	6700	12503	12403	6811	6844	12502	12412	6944	6685	12496	12385	0	0.5	1	0	0.25	0.5	0	0.5
181	6810	6841	12504	12411	6993	6700	12503	12403	6811	6844	12502	12412	6944	6685	12496	12385	3	1	0	0	0.5	0	0	0.5
181	6810	6841	12504	12411	6993	6700	12503	12403	6811	6844	12502	12412	6944	6685	12496	12385	6	1	0.5	0	0.5	0.25	0	0.5
181	6810	6841	12504	12411	6993	6700	12503	12403	6811	6844	12502	12412	6944	6685	12496	12385	6	1	1	0	0.5	0.5	0	0.5
181	6993	6700	12503	12403	6811	6844	12502	12412	6944	6685	12496	12385	6823	6861	12495	12404	12	0	0.5	0	0	0.75	0	0.5
181	6993	6700	12503	12403	6811	6844	12502	12412	6944	6685	12496	12385	6823	6861	12495	12404	12	0	1	0	0	1	0	0.5
181	6993	6700	12503	12403	6811	6844	12502	12412	6944	6685	12496	12385	6823	6861	12495	12404	0	0.5	0.5	0	0.25	0.75	0	0.5
181	6993	6700	12503	12403	6811	6844	12502	12412	6944	6685	12496	12385	6823	6861	12495	12404	0	0.5	1	0	0.25	1	0	0.5
181	6993	6700	12503	12403	6811	6844	12502	12412	6944	6685	12496	12385	6823	6861	12495	12404	6	1	0.5	0	0.5	0.75	0	0.5
181	6993	6700	12503	12403	6811	6844	12502	12412	6944	6685	12496	12385	6823	6861	12495	12404	6	1	1	0	0.5	1	0	0.5
181	6841	12504	12411	8888	6700	12503	12403	8984	6844	12502	12412	8889	6685	12496	12385	8952	0	0.5	0	0	0.75	0	0	0.5
181	6841	12504	12411	8888	6700	12503	12403	8984	6844	12502	12412	8889	6685	12496	12385	8952	0	0.5	0.5	0	0.75	0.25	0	0.5
181	6841	12504	12411	8888	6700	12503	12403	8984	6844	12502	12412	8889	6685	12496	12385	8952	0	0.5	1	0	0.75	0.5	0	0.5
181	6841	12504	12411	8888	6700	12503	12403	8984	6844	12502	12412	8889	6685	12496	12385	8952	3	1	0	0	1	0	0	0.5
181	6841	12504	12411	8888	6700	12503	12403	8984	6844	12502	12412	8889	6685	12496	12385	8952	3	1	0.5	0	1	0.25	0	0.5
181	6841	12504	12411	8888	6700	12503	12403	8984	6844	12502	12412	8889	6685	12496	12385	8952	6	1	1	0	1	0.5	0	0.5
181	6700	12503	12403	8984	6844	12502	12412	8889	6685	12496	12385	8952	6861	12495	12404	8951	0	0.5	0.5	0	0.75	0.75	0	0.5
181	6700	12503	12403	8984	6844	12502	12412	8889	6685	12496	12385	8952	6861	12495	12404	8951	0	0.5	1	0	0.75	1	0	0.5
181	6700	12503	12403	8984	6844	12502	12412	8889	6685	12496	12385	8952	6861	12495	12404	8951	6	1	0.5	0	1	0.75	0	0.5
181	6700	12503	12403	8984	6844	12502	12412	8889	6685	12496	12385	8952	6861	12495	12404	8951	6	1	1	0	1	1	0	0.5
182	6787	6837	12506	12413	6943	6686	12505	12384	6810	6841	12504	12411	6993	6700	12503	12403	9	0	0	0	0	0	0	0.5
182	6787	6837	12506	12413	6943	6686	12505	12384	6810	6841	12504	12411	6993	6700	12503	12403	9	0	0.5	0	0	0.25	0	0.5
182	6787	6837	12506	12413	6943	6686	12505	12384	6810	6841	12504	12411	6993	6700	12503	12403	12	0	1	0	0	0.5	0	0.5
182	6787	6837	12506	12413	6943	6686	12505	12384	6810	6841	12504	12411	6993	6700	12503	12403	0	0.5	0	0	0.25	0	0	0.5
182	6787	6837	12506	12413	6943	6686	12505	12384	6810	6841	12504	12411	6993	6700	12503	12403	0	0.5	0.5	0	0.25	0.25	0	0.5
182	6787	6837	12506	12413	6943	6686	12505	12384	6810	6841	12504	12411	6993	6700	12503	12403	0	0.5	1	0	0.25	0.5	0	0.5
182	6787	6837	12506	12413	6943	6686	12505	12384	6810	6841	12504	12411	6993	6700	12503	12403	3	1	0	0	0.5	0	0	0.5
182	6787	6837	12506	12413	6943	6686	12505	12384	6810	6841	12504	12411	6993	6700	12503	12403	6	1	0.5	0	0.5	0.25	0	0.5
182	6787	6837	12506	12413	6943	6686	12505	12384	6810	6841	12504	12411	6993	6700	12503	12403	6	1	1	0	0.5	0.5	0	0.5
182	6943	6686	12505	12384	6810	6841	12504	12411	6993	6700	12503	12403	6811	6844	12502	12412	12	0	0.5	0	0	0.75	0	0.5
182	6943	6686	12505	12384	6810	6841	12504	12411	6993	6700	12503	12403	6811	6844	12502	12412	12	0	1	0	0	1	0	0.5
182	6943	6686	12505	12384	6810	6841	12504	12411	6993	6700	12503	12403	6811	6844	12502	12412	0	0.5	0.5	0	0.25	0.75	0	0.5
182	6943	6686	12505	12384	6810	6841	12504	12411	6993	6700	12503	12403	6811	6844	12502	12412	0	0.5	1	0	0.25	1	0	0.5
182	6943	6686	12505	12384	6810	6841	12504	12411	6993	6700	12503	12403	6811	6844	12502	12412	6	1	0.5	0	0.5	0.75	0	0.5
182	6943	6686	12505	12384	6810	6841	12504	12411	6993	6700	12503	12403	6811	6844	12502	12412	6	1	1	0	0.5	1	0	0.5
182	6837	12506	12413	8931	6686	12505	12384	9055	6841	12504	12411	8888	6700	12503	12403	8984	0	0.5	0	0	0.75	0	0	0.5
182	6837	12506	12413	8931	6686	12505	12384	9055	6841	12504	12411	8888	6700	12503	12403	8984	0	0.5	0.5	0	0.75	0.25	0	0.5
182	6837	12506	12413	8931	6686	12505	12384	9055	6841	12504	12411	8888	6700	12503	12403	8984	0	0.5	1	0	0.75	0.5	0	0.5
182	6837	12506	12413	8931	6686	12505	12384	9055	6841	12504	12411	8888	6700	12503	12403	8984	3	1	0	0	1	0	0	0.5
182	6837	12506	12413	8931	6686	12505	12384	9055	6841	12504	12411	8888	6700	12503	12403	8984	3	1	0.5	0	1	0.25	0	0.5
182	6837	12506	12413	8931	6686	12505	12384	9055	6841	12504	12411	8888	6700	12503	12403	8984	6	1	1	0	1	0.5	0	0.5
182	6686	12505	12384	9055	6841	12504	12411	8888	6700	12503	12403	8984	6844	12502	12412	8889	0	0.5	0.5	0	0.75	0.75	0	0.5
182	6686	12505	12384	9055	6841	12504	12411	8888	6700	12503	12403	8984	6844	12502	12412	8889	0	0.5	1	0	0.75	1	0	0.5
182	6686	12505	12384	9055	6841	12504	12411	8888	6700	12503	12403	8984	6844	12502	12412	8889	6	1	0.5	0	1	0.75	0	0.5
182	6686	12505	12384	9055	6841	12504	12411	8888	6700	12503	12403	8984	6844	12502	12412	8889	6	1	1	0	1	1	0	0.5
183	8878	12408	12479	6920	8963	12402	12478	6687	8897	12416	12477	6857	8997	12401	12501	6688	9	0	0	0	0	0	0	0.5
183	8878	12408	12479	6920	8963	12402	12478	6687	8897	12416	12477	6857	8997	12401	12501	6688	9	0	0.5	0	0	0.25	0	0.5
183	8878	12408	12479	6920	8963	12402	12478	6687	8897	12416	12477	6857	8997	12401	12501	6688	12	0	1	0	0	0.5	0	0.5
183	8878	12408	12479	6920	8963	12402	12478	6687	8897	12416	12477	6857	8997	12401	12501	6688	0	0.5	0	0	0.25	0	0	0.5
183	8878	12408	12479	6920	8963	12402	12478	6687	8897	12416	12477	6857	8997	12401	12501	6688	0	0.5	0.5	0	0.25	0.25	0	0.5
183	8878	12408	12479	6920	8963	12402	12478	6687	8897	12416	12477	6857	8997	12401	12501	6688	0	0.5	1	0	0.25	0.5	0	0.5
183	8878	12408	12479	6920	8963	12402	12478	6687	8897	12416	12477	6857	8997	12401	12501	6688	3	1	0	0	0.5	0	0	0.5
183	8878	12408	12479	6920	8963	12402	12478	6687	8897	12416	12477	6857	8997	12401	12501	6688	6	1	0.5	0	0.5	0.25	0	0.5
183	8878	12408	12479	6920	8963	12402	12478	6687	8897	12416	12477	6857	8997	12401	12501	6688	6	1	1	0	0.5	0.5	0	0.5
183	8963	12402	12478	6687	8897	12416	12477	6857	8997	12401	12501	6688	8895	12415	12500	6854	12	0	0.5	0	0	0.75	0	0.5
183	8963	12402	12478	6687	8897	12416	12477	6857	8997	12401	12501	6688	8895	12415	12500	6854	12	0	1	0	0	1	0	0.5
183	8963	12402	12478	6687	8897	12416	12477	6857	8997	12401	12501	6688	8895	12415	12500	6854	0	0.5	0.5	0	0.25	0.75	0	0.5
183	8963	12402	12478	6687	8897	12416	12477	6857	8997	12401	12501	6688	8895	12415	12500	6854	0	0.5	1	0	0.25	1	0	0.5
183	8963	12402	12478	6687	8897	12416	12477	6857	8997	12401	12501	6688	8895	12415	12500	6854	6	1	0.5	0	0.5	0.75	0	0.5
183	8963	12402	12478	6687	8897	12416	12477	6857	8997	12401	12501	6688	8895	12415	12500	6854	6	1	1	0	0.5	1	0	0.5
183	12408	12479	6920	6800	12402	12478	6687	6976	12416	12477	6857	6809	12401	12501	6688	6992	0	0.5	0	0	0.75	0	0	0.5
183	12408	12479	6920	6800	12402	12478	6687	6976	12416	12477	6857	6809	12401	12501	6688	6992	0	0.5	0.5	0	0.75	0.25	0	0.5
183	12408	12479	6920	6800	12402	12478	6687	6976	12416	12477	6857	6809	12401	12501	6688	6992	0	0.5	1	0	0.75	0.5	0	0.5
183	12408	12479	6920	6800	12402	12478	6687	6976	12416	12477	6857	6809	12401	12501	6688	6992	3	1	0	0	1	0	0	0.5
183	12408	12479	6920	6800	12402	12478	6687	6976	12416	12477	6857	6809	12401	12501	6688	6992	3	1	0.5	0	1	0.25	0	0.5
183	12408	12479	6920	6800	12402	12478	6687	6976	12416	12477	6857	6809	12401	12501	6688	6992	6	1	1	0	1	0.5	0	0.5
183	12402	12478	6687	6976	12416	12477	6857	6809	12401	12501	6688	6992	12415	12500	6854	6808	0	0.5	0.5	0	0.75	0.75	0	0.5
183	12402	12478	6687	6976	12416	12477	6857	6809	12401	12501	6688	6992	12415	12500	6854	6808	0	0.5	1	0	0.75	1	0	0.5
183	12402	12478	6687	6976	12416	12477	6857	6809	12401	12501	6688	6992	12415	12500	6854	6808	6	1	0.5	0	1	0.75	0	0.5
183	12402	12478	6687	6976	12416	12477	6857	6809	12401	12501	6688	6992	12415	12500	6854	6808	6	1	1	0	1	1	0	0.5
184	8922	12423	12491	6876	8956	12396	12490	6666	8875	12406	12487	6887	8954	12393	12486	6695	9	0	0	0	0	0	0	0.5
184	8922	12423	12491	6876	8956	12396	12490	6666	8875	12406	12487	6887	8954	12393	12486	6695	9	0	0.5	0	0	0.25	0	0.5
184	8922	12423	12491	6876	8956	12396	12490	6666	8875	12406	12487	6887	8954	12393	12486	6695	12	0	1	0	0	0.5	0	0.5
184	8922	12423	12491	6876	8956	12396	12490	6666	8875	12406	12487	6887	8954	12393	12486	6695	0	0.5	0	0	0.25	0	0	0.5
184	8922	12423	12491	6876	8956	12396	12490	6666	8875	12406	12487	6887	8954	12393	12486	6695	0	0.5	0.5	0	0.25	0.25	0	0.5
184	8922	12423	12491	6876	8956	12396	12490	6666	8875	12406	12487	6887	8954	12393	12486	6695	0	0.5	1	0	0.25	0.5	0	0.5
184	8922	12423	12491	6876	8956	12396	12490	6666	8875	12406	12487	6887	8954	12393	12486	6695	3	1	0	0	0.5	0	0	0.5
184	8922	12423	12491	6876	8956	12396	12490	6666	8875	12406	12487	6887	8954	12393	12486	6695	6	1	0.5	0	0.5	0.25	0	0.5
184	8922	12423	12491	6876	8956	12396	12490	6666	8875	12406	12487	6887	8954	12393	12486	6695	6	1	1	0	0.5	0.5	0	0.5
184	8956	12396	12490	6666	8875	12406	12487	6887	8954	12393	12486	6695	8881	12409	12485	6894	12	0	0.5	0	0	0.75	0	0.5
184	8956	12396	12490	6666	8875	12406	12487	6887	8954	12393	12486	6695	8881	12409	12485	6894	12	0	1	0	0	1	0	0.5
184	8956	12396	12490	6666	8875	12406	12487	6887	8954	12393	12486	6695	8881	12409	12485	6894	0	0.5	0.5	0	0.25	0.75	0	0.5
184	8956	12396	12490	6666	8875	12406	12487	6887	8954	12393	12486	6695	8881	12409	12485	6894	0	0.5	1	0	0.25	1	0	0.5
184	8956	12396	12490	6666	8875	12406	12487	6887	8954	12393	12486	6695	8881	12409	12485	6894	6	1	0.5	0	0.5	0.75	0	0.5
184	8956	12396	12490	6666	8875	12406	12487	6887	8954	12393	12486	6695	8881	12409	12485	6894	6	1	1	0	0.5	1	0	0.5
184	12423	12491	6876	6819	12396	12490	6666	6999	12406	12487	6887	6817	12393	12486	6695	6979	0	0.5	0	0	0.75	0	0	0.5
184	12423	12491	6876	6819	12396	12490	6666	6999	12406	12487	6887	6817	12393	12486	6695	6979	0	0.5	0.5	0	0.75	0.25	0	0.5
184	12423	12491	6876	6819	12396	12490	6666	6999	12406	12487	6887	6817	12393	12486	6695	6979	0	0.5	1	0	0.75	0.5	0	0.5
184	12423	12491	6876	6819	12396	12490	6666	6999	12406	12487	6887	6817	12393	12486	6695	6979	3	1	0	0	1	0	0	0.5
184	12423	12491	6876	6819	12396	12490	6666	6999	12406	12487	6887	6817	12393	12486	6695	6979	3	1	0.5	0	1	0.25	0	0.5
184	12423	12491	6876	6819	12396	12490	6666	6999	12406	12487	6887	6817	12393	12486	6695	6979	6	1	1	0	1	0.5	0	0.5
184	12396	12490	6666	6999	12406	12487	6887	6817	12393	12486	6695	6979	12409	12485	6894	6801	0	0.5	0.5	0	0.75	0.75	0	0.5
184	12396	12490	6666	6999	12406	12487	6887	6817	12393	12486	6695	6979	12409	12485	6894	6801	0	0.5	1	0	0.75	1	0	0.5
184	12396	12490	6666	6999	12406	12487	6887	6817	12393	12486	6695	6979	12409	12485	6894	6801	6	1	0.5	0	1	0.75	0	0.5
184	12396	12490	6666	6999	12406	12487	6887	6817	12393	12486	6695	6979	12409	12485	6894	6801	6	1	1	0	1	1	0	0.5
185	8917	12418	12474	6880	9036	12400	12475	6691	8919	12417	12476	6890	9039	12395	12492	6659	9	0	0	0	0	0	0	0.5
185	8917	12418	12474	6880	9036	12400	12475	6691	8919	12417	12476	6890	9039	12395	12492	6659	9	0	0.5	0	0	0.25	0	0.5
185	8917	12418	12474	6880	9036	12400	12475	6691	8919	12417	12476	6890	9039	12395	12492	6659	12	0	1	0	0	0.5	0	0.5
185	8917	12418	12474	6880	9036	12400	12475	6691	8919	12417	12476	6890	9039	12395	12492	6659	0	0.5	0	0	0.25	0	0	0.5
185	8917	12418	12474	6880	9036	12400	12475	6691	8919	12417	12476	6890	9039	12395	12492	6659	0	0.5	0.5	0	0.25	0.25	0	0.5
185	8917	12418	12474	6880	9036	12400	12475	6691	8919	12417	12476	6890	9039	12395	12492	6659	0	0.5	1	0	0.25	0.5	0	0.5
185	8917	12418	12474	6880	9036	12400	12475	6691	8919	12417	12476	6890	9039	12395	12492	6659	3	1	0	0	0.5	0	0	0.5
185	8917	12418	12474	6880	9036	12400	12475	6691	8919	12417	12476	6890	9039	12395	12492	6659	6	1	0.5	0	0.5	0.25	0	0.5
185	8917	12418	12474	6880	9036	12400	12475	6691	8919	12417	12476	6890	9039	12395	12492	6659	6	1	1	0	0.5	0.5	0	0.5
185	9036	12400	12475	6691	8919	12417	12476	6890	9039	12395	12492	6659	8922	12423	12491	6876	12	0	0.5	0	0	0.75	0	0.5
185	9036	12400	12475	6691	8919	12417	12476	6890	9039	12395	12492	6659	8922	12423	12491	6876	12	0	1	0	0	1	0	0.5
185	9036	12400	12475	6691	8919	12417	12476	6890	9039	12395	12492	6659	8922	12423	12491	6876	0	0.5	0.5	0	0.25	0.75	0	0.5
185	9036	12400	12475	6691	8919	12417	12476	6890	9039	12395	12492	6659	8922	12423	12491	6876	0	0.5	1	0	0.25	1	0	0.5
185	9036	12400	12475	6691	8919	12417	12476	6890	9039	12395	12492	6659	8922	12423	12491	6876	6	1	0.5	0	0.5	0.75	0	0.5
185	9036	12400	12475	6691	8919	12417	12476	6890	9039	12395	12492	6659	8922	12423	12491	6876	6	1	1	0	0.5	1	0	0.5
185	12418	12474	6880	6818	12400	12475	6691	7002	12417	12476	6890	6835	12395	12492	6659	7003	0	0.5	0	0	0.75	0	0	0.5
185	12418	12474	6880	6818	12400	12475	6691	7002	12417	12476	6890	6835	12395	12492	6659	7003	0	0.5	0.5	0	0.75	0.25	0	0.5
185	12418	12474	6880	6818	12400	12475	6691	7002	12417	12476	6890	6835	12395	12492	6659	7003	0	0.5	1	0	0.75	0.5	0	0.5
185	12418	12474	6880	6818	12400	12475	6691	7002	12417	12476	6890	6835	12395	12492	6659	7003	3	1	0	0	1	0	0	0.5
185	12418	12474	6880	6818	12400	12475	6691	7002	12417	12476	6890	6835	12395	12492	6659	7003	3	1	0.5	0	1	0.25	0	0.5
185	12418	12474	6880	6818	12400	12475	6691	7002	12417	12476	6890	6835	12395	12492	6659	7003	6	1	1	0	1	0.5	0	0.5
185	12400	12475	6691	7002	12417	12476	6890	6835	12395	12492	6659	7003	12423	12491	6876	6819	0	0.5	0.5	0	0.75	0.75	0	0.5
185	12400	12475	6691	7002	12417	12476	6890	6835	12395	12492	6659	7003	12423	12491	6876	6819	0	0.5	1	0	0.75	1	0	0.5
185	12400	12475	6691	7002	12417	12476	6890	6835	12395	12492	6659	7003	12423	12491	6876	6819	6	1	0.5	0	1	0.75	0	0.5
185	12400	12475	6691	7002	12417	12476	6890	6835	12395	12492	6659	7003	12423	12491	6876	6819	6	1	1	0	1	1	0	0.5
186	8919	12417	12476	6890	9039	12395	12492	6659	8922	12423	12491	6876	8956	12396	12490	6666	9	0	0	0	0	0	0	0.5
186	8919	12417	12476	6890	9039	12395	12492	6659	8922	12423	12491	6876	8956	12396	12490	6666	9	0	0.5	0	0	0.25	0	0.5
186	8919	12417	12476	6890	9039	12395	12492	6659	8922	12423	12491	6876	8956	12396	12490	6666	12	0	1	0	0	0.5	0	0.5
186	8919	12417	12476	6890	9039	12395	12492	6659	8922	12423	12491	6876	8956	12396	12490	6666	0	0.5	0	0	0.25	0	0	0.5
186	8919	12417	12476	6890	9039	12395	12492	6659	8922	12423	12491	6876	8956	12396	12490	6666	0	0.5	0.5	0	0.25	0.25	0	0.5
186	8919	12417	12476	6890	9039	12395	12492	6659	8922	12423	12491	6876	8956	12396	12490	6666	0	0.5	1	0	0.25	0.5	0	0.5
186	8919	12417	12476	6890	9039	12395	12492	6659	8922	12423	12491	6876	8956	12396	12490	6666	3	1	0	0	0.5	0	0	0.5
186	8919	12417	12476	6890	9039	12395	12492	6659	8922	12423	12491	6876	8956	12396	12490	6666	6	1	0.5	0	0.5	0.25	0	0.5
186	8919	12417	12476	6890	9039	12395	12492	6659	8922	12423	12491	6876	8956	12396	12490	6666	6	1	1	0	0.5	0.5	0	0.5
186	9039	12395	12492	6659	8922	12423	12491	6876	8956	12396	12490	6666	8875	12406	12487	6887	12	0	0.5	0	0	0.75	0	0.5
186	9039	12395	12492	6659	8922	12423	12491	6876	8956	12396	12490	6666	8875	12406	12487	6887	12	0	1	0	0	1	0	0.5
186	9039	12395	12492	6659	8922	12423	12491	6876	8956	12396	12490	6666	8875	12406	12487	6887	0	0.5	0.5	0	0.25	0.75	0	0.5
186	9039	12395	12492	6659	8922	12423	12491	6876	8956	12396	12490	6666	8875	12406	12487	6887	0	0.5	1	0	0.25	1	0	0.5
186	9039	12395	12492	6659	8922	12423	12491	6876	8956	12396	12490	6666	8875	12406	12487	6887	6	1	0.5	0	0.5	0.75	0	0.5
186	9039	12395	12492	6659	8922	12423	12491	6876	8956	12396	12490	6666	8875	12406	12487	6887	6	1	1	0	0.5	1	0	0.5
186	12417	12476	6890	6835	12395	12492	6659	7003	12423	12491	6876	6819	12396	12490	6666	6999	0	0.5	0	0	0.75	0	0	0.5
186	12417	12476	6890	6835	12395	12492	6659	7003	12423	12491	6876	6819	12396	12490	6666	6999	0	0.5	0.5	0	0.75	0.25	0	0.5
186	12417	12476	6890	6835	12395	12492	6659	7003	12423	12491	6876	6819	12396	12490	6666	6999	0	0.5	1	0	0.75	0.5	0	0.5
186	12417	12476	6890	6835	12395	12492	6659	7003	12423	12491	6876	6819	12396	12490	6666	6999	3	1	0	0	1	0	0	0.5
186	12417	12476	6890	6835	12395	12492	6659	7003	12423	12491	6876	6819	12396	12490	6666	6999	3	1	0.5	0	1	0.25	0	0.5
186	12417	12476	6890	6835	12395	12492	6659	7003	12423	12491	6876	6819	12396	12490	6666	6999	6	1	1	0	1	0.5	0	0.5
186	12395	12492	6659	7003	12423	12491	6876	6819	12396	12490	6666	6999	12406	12487	6887	6817	0	0.5	0.5	0	0.75	0.75	0	0.5
186	12395	12492	6659	7003	12423	12491	6876	6819	12396	12490	6666	6999	12406	12487	6887	6817	0	0.5	1	0	0.75	1	0	0.5
186	12395	12492	6659	7003	12423	12491	6876	6819	12396	12490	6666	6999	12406	12487	6887	6817	6	1	0.5	0	1	0.75	0	0.5
186	12395	12492	6659	7003	12423	12491	6876	6819	12396	12490	6666	6999	12406	12487	6887	6817	6	1	1	0	1	1	0	0.5
187	6812	6918	12509	12422	6995	6684	12508	12389	6787	6837	12506	12413	6943	6686	12505	12384	9	0	0	0	0	0	0	0.5
187	6812	6918	12509	12422	6995	6684	12508	12389	6787	6837	12506	12413	6943	6686	12505	12384	9	0	0.5	0	0	0.25	0	0.5
187	6812	6918	12509	12422	6995	6684	12508	12389	6787	6837	12506	12413	6943	6686	12505	12384	12	0	1	0	0	0.5	0	0.5
187	6812	6918	12509	12422	6995	6684	12508	12389	6787	6837	12506	12413	6943	6686	12505	12384	0	0.5	0	0	0.25	0	0	0.5
187	6812	6918	12509	12422	6995	6684	12508	12389	6787	6837	12506	12413	6943	6686	12505	12384	0	0.5	0.5	0	0.25	0.25	0	0.5
187	6812	6918	12509	12422	6995	6684	12508	12389	6787	6837	12506	12413	6943	6686	12505	12384	0	0.5	1	0	0.25	0.5	0	0.5
187	6812	6918	12509	12422	6995	6684	12508	12389	6787	6837	12506	12413	6943	6686	12505	12384	3	1	0	0	0.5	0	0	0.5
187	6812	6918	12509	12422	6995	6684	12508	12389	6787	6837	12506	12413	6943	6686	12505	12384	6	1	0.5	0	0.5	0.25	0	0.5
187	6812	6918	12509	12422	6995	6684	12508	12389	6787	6837	12506	12413	6943	6686	12505	12384	6	1	1	0	0.5	0.5	0	0.5
187	6995	6684	12508	12389	6787	6837	12506	12413	6943	6686	12505	12384	6810	6841	12504	12411	12	0	0.5	0	0	0.75	0	0.5
187	6995	6684	12508	12389	6787	6837	12506	12413	6943	6686	12505	12384	6810	6841	12504	12411	12	0	1	0	0	1	0	0.5
187	6995	6684	12508	12389	6787	6837	12506	12413	6943	6686	12505	12384	6810	6841	12504	12411	0	0.5	0.5	0	0.25	0.75	0	0.5
187	6995	6684	12508	12389	6787	6837	12506	12413	6943	6686	12505	12384	6810	6841	12504	12411	0	0.5	1	0	0.25	1	0	0.5
187	6995	6684	12508	12389	6787	6837	12506	12413	6943	6686	12505	12384	6810	6841	12504	12411	6	1	0.5	0	0.5	0.75	0	0.5
187	6995	6684	12508	12389	6787	6837	12506	12413	6943	6686	12505	12384	6810	6841	12504	12411	6	1	1	0	0.5	1	0	0.5
187	6918	12509	12422	9500	6684	12508	12389	9502	6837	12506	12413	8931	6686	12505	12384	9055	0	0.5	0	0	0.75	0	0	0.5
187	6918	12509	12422	9500	6684	12508	12389	9502	6837	12506	12413	8931	6686	12505	12384	9055	0	0.5	0.5	0	0.75	0.25	0	0.5
187	6918	12509	12422	9500	6684	12508	12389	9502	6837	12506	12413	8931	6686	12505	12384	9055	0	0.5	1	0	0.75	0.5	0	0.5
187	6918	12509	12422	9500	6684	12508	12389	9502	6837	12506	12413	8931	6686	12505	12384	9055	3	1	0	0	1	0	0	0.5
187	6918	12509	12422	9500	6684	12508	12389	9502	6837	12506	12413	8931	6686	12505	12384	9055	3	1	0.5	0	1	0.25	0	0.5
187	6918	12509	12422	9500	6684	12508	12389	9502	6837	12506	12413	8931	6686	12505	12384	9055	6	1	1	0	1	0.5	0	0.5
187	6684	12508	12389	9502	6837	12506	12413	8931	6686	12505	12384	9055	6841	12504	12411	8888	0	0.5	0.5	0	0.75	0.75	0	0.5
187	6684	12508	12389	9502	6837	12506	12413	8931	6686	12505	12384	9055	6841	12504	12411	8888	0	0.5	1	0	0.75	1	0	0.5
187	6684	12508	12389	9502	6837	12506	12413	8931	6686	12505	12384	9055	6841	12504	12411	8888	6	1	0.5	0	1	0.75	0	0.5
187	6684	12508	12389	9502	6837	12506	12413	8931	6686	12505	12384	9055	6841	12504	12411	8888	6	1	1	0	1	1	0	0.5